# Crcor version 090202 run at Sun Jan  2 15:13:48 2011  by RJJ  in MAN  mode on data set r09f10s01_110101_BR_ss.fits config file: 1101_r09f10s01_p0.sds
# Heliocentric vel corr =  16.69 km/s; mean S/N =  1.15; mag-counts offset =  0.50 mags.
# Redshift quality > 2 for 203 out of 350 targets, a success rate of 0.58
#Fib     Object                        RA   (2000)   dec      Rmag neb neg   ze    ze_err  qe temp xcor   zx     zx_err qx   z_fin  zf_err  qa qop f fld  date ccd pl x_posn  y_posn  S/N   spmag  vsp   rsp   RA(deg)   dec(deg)   comments
  2 S09J092437306+06174854            9 24 37.31   06 17 48.5 21.73  0  0 -9.99900 0.00000  0 11   2.31  1.72384 0.00365 1  0.52628 0.00365  1  2  2 000 110101 4  0    3759   10569  1.01  20.81 22.25 22.46 141.15544   6.29682                                
  3 S09J092446257+06273197            9 24 46.26   06 27 32.0 20.72  2  3  0.48692 0.00004  4 10   6.48  0.48632 0.00028 4  0.48632 0.00030  4  3  0 000 110101 4  0   41700   18417  2.40  19.70 20.97 20.97 141.19274   6.45888                                
  4 S09J092633029+06152547            9 26 33.03   06 15 25.5 20.63  0  0 -9.99900 0.00004  0  3   2.45  0.56869 0.00049 1  0.49987 0.00050  1  3  2 000 110101 4  0   -3252  123224  0.64  20.55 22.21 21.71 141.63762   6.25708                                
  5 S09J092727703+06131643            9 27 27.70   06 13 16.4 20.34  1  1  0.30619 0.00012  2  1   3.54  0.90102 0.00114 3  0.42528 0.00115  2  2  2 000 110101 4  0  -10654  178043  2.29  20.09 21.23 21.23 141.86543   6.22123                                
  7 S09J092720167+06054635            9 27 20.17   06  5 46.3 20.97  0  0 -9.99900 0.00012  0  5   3.83  0.89064 0.00058 3  0.48378 0.00059  3  2  2 000 110101 4  0  -40378  171240  1.28  20.89 21.85 22.14 141.83403   6.09621                                
  8 S09J092447941+06184208            9 24 47.94   06 18 42.1 20.30  1  1  0.19387 0.00006  3  4   3.43  0.20608 0.00042 2  0.60312 0.00009  0  4  2 000 110101 4  0    7428   20753  1.82  19.87 21.36 21.29 141.19975   6.31169                                
  9 S09J092729232+06102507            9 27 29.23   06 10 25.1 20.45  1  2  0.18097 0.00004  3 10   3.25  0.56982 0.00265 2  0.18097 0.00009  0  2  0 000 110101 4  0  -21900  179888  2.14  19.91 20.78 21.08 141.87180   6.17363                                
 10 Y09J092723430+06051184            9 27 23.43   06  5 11.8 20.42  0  0 -9.99900 0.00004  0  2   4.60  0.59253 0.00089 3  0.59108 0.00090  3  3  2 000 110101 4  0  -42600  174595  1.94  19.91 21.76 21.64 141.84762   6.08662                                
 11 S09J092801996+06061505            9 28  2.00   06  6 15.0 20.20  0  0 -9.99900 0.00004  0  5   4.24  0.89006 0.00065 3  0.31956 0.00066  3  3  2 000 110101 4  0  -37967  214047  1.87  20.09 21.47 21.48 142.00832   6.10418                                
 13 S09J092806642+06044633            9 28  6.64   06  4 46.3 20.81  1  1  0.27069 0.00003  2  1   3.05  0.50950 0.00080 2  0.50950 0.00080  2  2  0 000 110101 4  0  -43813  219100  1.33  19.85 21.60 21.59 142.02768   6.07954                                
 14 Y09J092513625+06270070            9 25 13.62   06 27  0.7 21.70  0  0 -9.99900 0.00003  0 12   3.51  2.76891 0.00591 3  0.04036 0.33356  2  6  2 000 110101 4  0   40240   44899  1.92  20.02 21.98 22.26 141.30677   6.45019                                
 15 Y09J092425723+06074796            9 24 25.72   06  7 48.0 20.19  5  5  0.58274 0.00003  5 10   5.26  0.58267 0.00017 4  0.58274 0.00011  5  5  0 000 110101 4  0  -35317     198  2.88  19.48 21.13 21.24 141.10718   6.12999                                
 16 S09J092444278+06112093            9 24 44.28   06 11 20.9 20.74  1  1  0.30616 0.00005  0  3   2.53  0.56116 0.00058 2  0.40124 0.00058  2  2  2 000 110101 4  0  -21179   17821  1.32  20.44 21.84 22.01 141.18449   6.18915                                
 17 S09J092546260+06111899            9 25 46.26   06 11 19.0 22.20  1  1  0.31068 0.00005  2 10   2.60  0.57592 0.00109 2  0.31060 0.00005  2  3  2 000 110101 4  0  -20161   77816  0.61  21.07 22.22 23.06 141.44275   6.18861                                
 18 Y09J092637263+06004312            9 26 37.26   06  0 43.1 19.93  0  0 -9.99900 0.00005  0  2   2.97  0.59275 0.00102 2  0.71452 0.00103  2  2  2 000 110101 4  0  -60824  128926  2.40  19.97 21.70 21.57 141.65526   6.01198                                
 20 S09J092533528+06115235            9 25 33.53   06 11 52.3 21.24  2  3  0.27081 0.00001  4 13   3.56  4.77852 0.00434 3  0.76429 0.00011  0  4  2 000 110101 4  0  -18228   65388  1.22  20.29 21.67 22.04 141.38970   6.19787                                
 21 S09J092804607+05571271            9 28  4.61   05 57 12.7 20.22  0  0 -9.99900 0.00001  0 11   2.83  1.81934 0.00427 2  0.43432 0.00428  2  2  2 000 110101 4  0  -74086  218146  0.88  20.59 22.20 22.12 142.01920   5.95353                                
 22 S09J092751541+05580265            9 27 51.54   05 58  2.6 20.91  0  0 -9.99900 0.00001  0  1   3.39  0.90309 0.00489 2  0.90309 0.00489  2  2  0 000 110101 4  0  -70786  204383  0.64  20.94 22.58 23.34 141.96475   5.96740                                
 23 S09J092704873+06012536            9 27  4.87   06  1 25.4 21.85  1  1  0.30660 0.00003  3 10   2.82  0.52539 0.00080 2  0.30660 0.00003  0  2  0 000 110101 4  0  -57740  156363  0.57  21.30 22.53 24.27 141.77030   6.02371                                
 24 Y09J092529921+06020090            9 25 29.92   06  2  0.9 18.98  0  0 -9.99900 0.00003  0  3   4.96  0.91927 0.00059 3  0.46907 0.00059  3  3  2 000 110101 4  0  -56692   62796  4.43  19.01 20.58 20.31 141.37467   6.03358                                
 25 S09J092500463+06001871            9 25  0.46   06  0 18.7 21.34  2 10  0.18797 0.00002  4 14   3.89  6.09908 0.01845 3  0.30406 0.00008  0  2  2 000 110101 4  0  -63839   34385  1.05  19.89 21.01 21.13 141.25193   6.00520                                
 26 S09J092516633+06124878            9 25 16.63   06 12 48.8 21.38  0  0 -9.99900 0.00002  0 14   2.88  5.02652 0.01788 2  0.36502 0.01788  2  3  2 000 110101 4  0  -14881   48946  1.25  20.40 21.99 22.12 141.31930   6.21355                                
 27 Y09J092733244+06002504            9 27 33.24   06  0 25.0 20.79  0  0 -9.99900 0.00002  0  5   3.26  0.69132 0.00061 2  0.42765 0.00062  2  3  2 000 110101 4  0  -61433  185202  1.86  20.40 21.36 21.73 141.88852   6.00696                                
 29 S09J092601989+06032655            9 26  1.99   06  3 26.5 21.11  0  0 -9.99900 0.00002  0  3   3.17  0.59228 0.00053 2  0.61106 0.00054  2  2  2 000 110101 4  0  -50620   93908  0.70  21.06 22.27 22.58 141.50829   6.05738                                
 32 S09J092457764+05595281            9 24 57.76   05 59 52.8 21.84  2  2  0.77224 0.00006  4 13   3.96  4.74320 0.00650 3  0.77219 0.00013  0  4  2 000 110101 4  0  -65579   31806  0.54  21.10 21.81 22.28 141.24068   5.99800                                
 33 S09J092655119+05554349            9 26 55.12   05 55 43.5 22.11  2 19  0.18742 0.00001  4 10   2.35  0.59546 0.00160 1  0.29787 0.00003  4  2  2 000 110101 4  0  -80369  147351  0.71  20.80 22.79 23.67 141.72966   5.92875                                
 34 S09J092727309+05490847            9 27 27.31   05 49  8.5 21.50  1  2  0.30140 0.00002  3 10   2.99  0.08592 0.00053 2  0.29614 0.00009  0  4  2 000 110101 4  0 -106531  180938  0.58  21.24 22.50 24.25 141.86379   5.81902                                
 35 S09J092630111+06013238            9 26 30.11   06  1 32.4 21.53  0  0 -9.99900 0.00002  0  3   3.57  1.14764 0.00045 3  0.36398 0.00048  2  3  2 000 110101 4  0  -57692  121746  0.68  21.27 22.18 23.02 141.62546   6.02566                                
 37 S09J092638511+05544898            9 26 38.51   05 54 49.0 21.08  0  0 -9.99900 0.00002  0 11   2.60  1.83013 0.00476 2  0.46566 0.00476  2  2  2 000 110101 4  0  -84115  130912  0.71  20.80 22.73 22.65 141.66046   5.91361                                
 38 calibrator1                       9 25 51.54   06  2 25.6 20.48  1  3  0.00397 0.00005  3  2   3.90  0.68663 0.00071 3  0.28220 0.00004  0  2  2 000 110101 4  0  -54755   83791  0.81  20.54 20.94 22.06 141.46475   6.04044                                
 39 S09J092542863+05550550            9 25 42.86   05 55  5.5 21.95  0  0 -9.99900 0.00005  0  2   3.62  0.91861 0.00109 3  0.30644 0.00110  2  3  2 000 110101 4  0  -83637   76095  0.61  20.95 22.41 22.57 141.42860   5.91819                                
 40 S09J092538638+06035531            9 25 38.64   06  3 55.3 21.82  0  0 -9.99900 0.00005  0 13   3.56  4.77461 0.00552 3  0.80054 0.00553  2  3  2 000 110101 4  0  -49105   71083  0.49  21.31 22.71 22.87 141.41099   6.06536                                
 41 S09J092618420+05464480            9 26 18.42   05 46 44.8 20.52  1  1  0.14576 0.00005  3 10   3.17  0.61277 0.00077 2  0.14576 0.00005  0  2  0 000 110101 4  0 -116332  112088  1.78  20.50 22.00 21.60 141.57675   5.77911                                
 43 S09J092613718+05550185            9 26 13.72   05 55  1.8 22.46  1  1  0.38020 0.00003  2 10   4.00  0.80933 0.00034 3  0.38026 0.00036  3  2  2 000 110101 4  0  -83502  106360  0.07  24.25 99.00 99.00 141.55716   5.91718                                
 44 S09J092517361+06020965            9 25 17.36   06  2  9.6 21.50  1  1  0.31597 0.00001  3 14   2.60  6.55940 0.02375 2  0.34957 0.00001  0  2  2 000 110101 4  0  -56338   50583  1.23  20.50 21.42 21.81 141.32234   6.03601                                
 47 S09J092717643+05365190            9 27 17.64   05 36 51.9 20.95  0  0 -9.99900 0.00001  0  5   3.48  0.89496 0.00111 2  0.47463 0.00112  2  2  2 000 110101 4  0 -156386  173522  0.28  21.69 99.00 23.43 141.82351   5.61442                                
 48 S09J092712746+05344604            9 27 12.75   05 34 46.0 20.92  0  0 -9.99900 0.00001  0 11   3.74  1.81660 0.00326 3  0.57235 0.00327  2  3  2 000 110101 4  0 -164999  168954  1.41  20.50 22.28 21.83 141.80311   5.57946                                
 49 S09J092534227+05495542            9 25 34.23   05 49 55.4 22.11  0  0 -9.99900 0.00001  0  5   4.63  1.09035 0.00107 3  0.31730 0.00108  3  3  2 000 110101 4  0 -104135   68242 -0.17  99.00 99.00 99.00 141.39261   5.83206                                
 51 Y09J092616239+05412650            9 26 16.24   05 41 26.5 20.74  1  1  0.31905 0.00003  3  3   2.96  0.59376 0.00051 2  0.32139 0.00009  0  3  2 000 110101 4  0 -137579  110692  0.72  20.78 23.07 23.34 141.56766   5.69069                                
 52 S09J092605945+05424875            9 26  5.94   05 42 48.7 20.41  0  0 -9.99900 0.00003  0 11   4.30  1.64987 0.00211 3  0.64016 0.00212  3  3  2 000 110101 4  0 -132122  100300  0.75  21.07 21.87 22.47 141.52477   5.71354                                
 53 S09J092611150+05471041            9 26 11.15   05 47 10.4 20.77  0  0 -9.99900 0.00003  0 11   3.93  1.83384 0.00266 3  0.44115 0.00266  2  2  2 000 110101 4  0 -114664  104834  0.21  21.83 99.00 25.02 141.54646   5.78622                                
 54 S09J092554392+05404918            9 25 54.39   05 40 49.2 21.33  0  0 -9.99900 0.00003  0 10   2.41  0.59676 0.00123 1  0.72860 0.00124  1  2  2 000 110101 4  0 -140212   89149  0.55  20.96 24.84 23.01 141.47663   5.68033                                
 55 S09J092615444+05442607            9 26 15.44   05 44 26.1 21.12  0  0 -9.99900 0.00003  0  4   3.06  0.69311 0.00046 2  0.47806 0.00047  2  3  2 000 110101 4  0 -125576  109466  0.93  20.68 21.78 22.00 141.56435   5.74058                                
 56 S09J092649902+05331432            9 26 49.90   05 33 14.3 21.60  0  0 -9.99900 0.00003  0  4   2.61  0.07315 0.00041 2  0.42363 0.00042  2  2  2 000 110101 4  0 -171061  145928  0.19  22.40 23.95 23.33 141.70792   5.55398                                
 57 S09J092513014+05520274            9 25 13.01   05 52  2.7 21.52  1  1  0.19000 0.00005  3 11   3.70  1.79164 0.00147 3  1.09518 0.00009  0  4  2 000 110101 4  0  -96032   47344  0.62  21.00 21.92 22.75 141.30423   5.86743                                
 59 S09J092601385+05355382            9 26  1.38   05 35 53.8 22.18  1  1  0.14191 0.00003  3  3   2.79  0.61498 0.00046 2  0.59700 0.00004  0  3  2 000 110101 4  0 -160069   96791  0.09  22.33 99.00 24.09 141.50577   5.59828                                
 60 S09J092458032+05590959            9 24 58.03   05 59  9.6 21.72  1  2  0.25903 0.00003  3  2   2.91  0.55715 0.00085 2  0.25921 0.00009  0  4  2 000 110101 4  0  -68390   32134  1.70  19.72 21.09 21.10 141.24180   5.98600                                
 61 Y09J092607447+05412766            9 26  7.45   05 41 27.7 20.39  0  0 -9.99900 0.00003  0 11   3.66  1.82587 0.00308 3  1.12692 0.00309  2  3  2 000 110101 4  0 -137567  101966  1.79  19.83 21.22 21.28 141.53103   5.69102                                
 62 S09J092612087+05352914            9 26 12.09   05 35 29.1 20.31  1  1  0.21247 0.00003  3 11   3.53  1.84253 0.00165 3  0.21246 0.00003  0  4  2 000 110101 4  0 -161713  107502  1.17  20.16 21.99 21.73 141.55036   5.59143                                
 63 S09J092558980+05382774            9 25 58.98   05 38 27.7 21.93  0  0 -9.99900 0.00003  0 11   2.23  1.88601 0.00156 1  0.53092 0.00158  1  3  2 000 110101 4  0 -149688   94032  0.14  22.44 24.40 23.85 141.49575   5.64104                                
 64 S09J092610121+05312208            9 26 10.12   05 31 22.1 21.25  0  0 -9.99900 0.00003  0 13   2.72  4.99083 0.01067 2  0.77359 0.01067  2  2  2 000 110101 4  0 -178597  106241  0.82  20.98 22.35 22.43 141.54217   5.52280                                
 65 S09J092610324+05332905            9 26 10.32   05 33 29.0 21.79  0  0 -9.99900 0.00003  0 13   2.74  4.90668 0.00618 2  4.90668 0.00619  2  2  0 000 110101 4  0 -169915  106071  0.03  23.16 23.83 24.88 141.54302   5.55807                                
 66 S09J092552658+05355046            9 25 52.66   05 35 50.5 20.45  0  0 -9.99900 0.00003  0 10   3.46  0.60450 0.00227 2  0.39325 0.00227  2  3  2 000 110101 4  0 -160349   88151  0.30  22.02 23.67 99.00 141.46941   5.59735                                
 67 S09J092544752+05415542            9 25 44.75   05 41 55.4 20.90  0  0 -9.99900 0.00003  0  3   2.87  0.89873 0.00062 2  0.29048 0.00062  2  2  2 000 110101 4  0 -135857   79517  1.05  20.78 22.13 22.26 141.43647   5.69873                                
 68 S09J092555028+05340004            9 25 55.03   05 34  0.0 21.81  0  0 -9.99900 0.00003  0 11   2.46  1.84207 0.00240 1  0.22887 0.00241  1  3  2 000 110101 4  0 -167843   90791  0.49  21.40 22.57 23.11 141.47928   5.56668                                
 69 S09J092534138+05375252            9 25 34.14   05 37 52.5 20.65  0  0 -9.99900 0.00003  0 11   4.11  1.86588 0.00730 3  1.86588 0.00730  3  2  0 000 110101 4  0 -152222   69581  0.95  20.66 22.21 22.20 141.39224   5.63126  fringed                       
 70 S09J092547202+05353668            9 25 47.20   05 35 36.7 20.69  0  0 -9.99900 0.00001  0 10   3.13  0.60524 0.00114 2  0.28314 0.00114  2  3  2 000 110101 4  0 -161311   82781  0.56  21.16 23.84 22.72 141.44667   5.59352                                
 71 S09J092538160+05381627            9 25 38.16   05 38 16.3 20.20  3  9  0.78104 0.00001  5 13   5.17  4.73046 0.01545 4  0.50833 0.00006  0  3  2 000 110101 4  0 -150613   73495  1.63  20.48 21.99 22.09 141.40900   5.63785  fringed                       
 72 S09J092551130+05291423            9 25 51.13   05 29 14.2 21.99  0  0 -9.99900 0.00001  0 11   2.79  1.72915 0.00189 2  0.81248 0.00189  2  3  2 000 110101 4  0 -187389   87621  0.45  21.58 22.50 22.83 141.46304   5.48729  QSO                           
 73 S09J092539004+05344561            9 25 39.00   05 34 45.6 20.17  0  0 -9.99900 0.00001  0 14   2.48  3.43359 0.01085 1  0.83418 0.01086  1  3  2 000 110101 4  0 -164830   74799  1.30  20.01 21.94 21.50 141.41252   5.57934                                
 74 S09J092548751+05232858            9 25 48.75   05 23 28.6 21.51  0  0 -9.99900 0.00001  0 12   3.19  2.29150 0.00280 2  0.82365 0.00281  2  2  2 000 110101 4  0 -211417   86222  0.33  21.67 23.13 22.60 141.45313   5.39127                                
 75 S09J092548330+05260222            9 25 48.33   05 26  2.2 21.29  1  1  0.10021 0.00007  3 13   4.57  4.92813 0.00251 3  0.93713 0.00254  0  3  2 000 110101 4  0 -200705   85360  0.57  21.11 23.15 22.77 141.45137   5.43395                                
 76 S09J092531314+05330747            9 25 31.31   05 33  7.5 22.17  0  0 -9.99900 0.00007  0 11   4.00  1.85344 0.00376 3  0.10366 0.00377  3  2  2 000 110101 4  0 -171529   67449 -0.10  99.00 99.00 99.00 141.38048   5.55208                                
 77 S09J092523634+05432017            9 25 23.63   05 43 20.2 20.71  0  0 -9.99900 0.00007  0  3   2.87  0.59717 0.00044 2  0.30781 0.00046  2  2  2 000 110101 4  0 -130438   58618  1.39  19.90 21.14 21.47 141.34847   5.72227                                
 78 S09J092530945+05315407            9 25 30.94   05 31 54.1 21.85  0  0 -9.99900 0.00007  0  5   2.93  0.65226 0.00039 2  0.48212 0.00040  2  2  2 000 110101 4  0 -176545   67239  0.90  20.59 22.36 22.19 141.37894   5.53169                                
 79 S09J092500012+05532491            9 25  0.01   05 53 24.9 21.80  3  6  0.78074 0.00002  5  3   3.35  0.62659 0.00141 2  0.78074 0.00012  0  2  0 000 110101 4  0  -90871   34576  0.47  20.93 21.87 21.73 141.25005   5.89025  fringed                       
 80 S09J092509571+05425543            9 25  9.57   05 42 55.4 21.93  2  3  0.11510 0.00003  4 11   5.20  1.93966 0.02480 4  0.11510 0.00003  0  2  1 000 110101 4  0 -132256   44920  0.16  22.36 99.00 23.48 141.28988   5.71540  fringed                       
 81 S09J092531712+05224424            9 25 31.71   05 22 44.2 20.93  1  1  0.42878 0.00002  0  1   3.05  0.50044 0.00129 2  0.48864 0.00002  2  4  2 000 110101 4  0 -214556   69318  0.58  21.19 23.94 30.44 141.38213   5.37896                                
 82 S09J092516919+05341286            9 25 16.92   05 34 12.9 20.96  2  9  0.28035 0.00002  4 11   3.73  1.57136 0.00508 3  1.28184 0.00006  0  2  2 000 110101 4  0 -167219   53104  0.82  20.85 22.11 22.28 141.32050   5.57024  fringed                       
 83 S09J092518931+05271318            9 25 18.93   05 27 13.2 21.86  0  0 -9.99900 0.00002  0 10   2.92  0.43090 0.00108 2  0.57327 0.00108  2  3  2 000 110101 4  0 -195922   55966  0.25  21.95 23.51 23.27 141.32888   5.45366                                
 84 S09J092519839+05411354            9 25 19.84   05 41 13.5 21.82  0  0 -9.99900 0.00002  0 13   3.24  3.77612 0.00334 2  3.77612 0.00335  2  2  0 000 110101 4  0 -138907   55134  0.39  21.58 22.44 23.04 141.33266   5.68709                                
 85 S09J092457958+05300472            9 24 57.96   05 30  4.7 22.28  0  0 -9.99900 0.00002  0 13   3.00  4.26271 0.00232 2  0.72028 0.00235  2  4  2 000 110101 4  0 -184326   34936  0.39  21.73 22.51 23.06 141.24149   5.50131                                
 86 S09J092507170+05292021            9 25  7.17   05 29 20.2 21.85  0  0 -9.99900 0.00002  0  4   2.26 -0.00305 0.00042 1  0.42529 0.00043  1  4  2 000 110101 4  0 -187257   44090  0.23  21.94 23.05 24.60 141.27988   5.48895                                
 87 S09J092505126+05232196            9 25  5.13   05 23 22.0 22.00  0  0 -9.99900 0.00002  0 11   3.08  1.89245 0.00335 2  0.51263 0.00335  2  4  2 000 110101 4  0 -212069   42803  0.45  21.67 22.76 23.16 141.27136   5.38943                                
 88 S09J092404919+06140487            9 24  4.92   06 14  4.9 22.14  0  0 -9.99900 0.00002  0 10   3.22  0.82280 0.00068 2  0.36486 0.00069  2  3  2 000 110101 4  0  -11310  -20375  0.63  21.21 22.53 22.28 141.02050   6.23469                                
 89 S09J092459790+05260722            9 24 59.79   05 26  7.2 21.08  0  0 -9.99900 0.00002  0  1   4.57  0.90891 0.00084 3  0.48285 0.00085  3  2  2 000 110101 4  0 -200647   37176  0.83  20.98 22.28 22.28 141.24912   5.43534                                
 90 S09J092416029+06151621            9 24 16.03   06 15 16.2 21.30  2  2  0.32979 0.00002  4 10   4.31  0.74278 0.00028 3  0.32979 0.00009  0  5  0 000 110101 4  0   -6477   -9751  0.38  21.67 22.60 23.05 141.06679   6.25450                                
 91 S09J092436009+05561106            9 24 36.01   05 56 11.1 21.06  0  0 -9.99900 0.00002  0  2   4.71  0.59270 0.00062 3  0.59269 0.00063  3  3  2 000 110101 4  0  -80422   11077  1.37  20.86 22.70 22.05 141.15004   5.93641                                
 92 S09J092448116+05290984            9 24 48.12   05 29  9.8 21.43  0  0 -9.99900 0.00002  0 13   2.62  2.79306 0.00626 2  0.82321 0.00627  2  2  2 000 110101 4  0 -188217   25328  0.61  21.28 23.00 22.57 141.20048   5.48607                                
 93 S09J092445880+05271991            9 24 45.88   05 27 19.9 22.13  0  0 -9.99900 0.00002  0 10   2.65  0.20481 0.00065 2  0.45076 0.00065  2  2  2 000 110101 4  0 -195833   23321  0.69  21.03 22.41 22.23 141.19117   5.45553                                
 94 S09J092448047+05170930            9 24 48.05   05 17  9.3 21.04  0  0 -9.99900 0.00002  0  1   2.92  0.95402 0.00148 2  1.03431 0.00148  2  3  2 000 110101 4  0 -238575   26567  0.24  22.17 25.34 23.43 141.20020   5.28592                                
 95 S09J092440277+05200490            9 24 40.28   05 20  4.9 20.05  0  0 -9.99900 0.00002  0  5   3.89  1.22315 0.00127 3  0.41122 0.00128  2  3  2 000 110101 4  0 -226220   18524  1.24  20.67 21.93 21.76 141.16782   5.33469                                
 96 S09J092434022+05445632            9 24 34.02   05 44 56.3 21.33  3  3  0.68575 0.00004  5  5   4.94  0.68738 0.00045 3  0.68575 0.00012  5  4  0 000 110101 4  0 -124795   10085  1.62  20.32 21.89 21.71 141.14176   5.74898                                
 97 S09J092435290+05200377            9 24 35.29   05 20  3.8 20.74  0  0 -9.99900 0.00004  0 11   3.55  1.83313 0.00292 3  0.89004 0.00292  2  3  2 000 110101 4  0 -226384   13575  0.73  21.00 22.78 22.36 141.14704   5.33438                                
 98 S09J092420961+05274960            9 24 20.96   05 27 49.6 21.73  1  1  0.27086 0.00002  2  3   3.40  0.63856 0.00046 2  0.27101 0.00002  2  2  2 000 110101 4  0 -194219   -1259  0.59  21.41 23.90 22.21 141.08734   5.46378                                
 99 S09J092426164+05235844            9 24 26.16   05 23 58.4 21.61  1  1  0.27071 0.00002  2 14   2.79  6.46826 0.04308 2  0.98363 0.04308  2  2  2 000 110101 4  0 -210113    4184  0.65  21.41 23.26 22.45 141.10902   5.39957                                
101 Y09J092358173+05343131            9 23 58.17   05 34 31.3 19.93  0  0 -9.99900 0.00002  0  3   3.36  0.50561 0.00065 2  0.31854 0.00065  2  4  2 000 110101 4  0 -167352  -24130  1.97  19.84 21.84 21.31 140.99239   5.57536                                
102 S09J092406464+05181812            9 24  6.46   05 18 18.1 21.21  1  2  0.35911 0.00003  3  4   3.38  0.26148 0.00035 2  0.78148 0.00003  0  2  2 000 110101 4  0 -234498  -14921  0.47  20.96 22.81 22.07 141.02693   5.30503  fringed                       
103 S09J092412099+06153613            9 24 12.10   06 15 36.1 21.18  0  0 -9.99900 0.00003  0 10   4.22  0.79608 0.00747 3  0.79608 0.00747  3  2  0 000 110101 4  0   -5273  -13575  0.83  20.82 23.08 22.00 141.05041   6.26004                                
104 S09J092419349+05232309            9 24 19.35   05 23 23.1 21.06  0  0 -9.99900 0.00003  0 11   3.14  1.82593 0.00738 2  1.82593 0.00738  2  2  0 000 110101 4  0 -212728   -2510  0.86  20.69 23.64 21.95 141.08062   5.38975  fringed                       
105 S09J092413796+05402430            9 24 13.80   05 40 24.3 21.51  0  0 -9.99900 0.00003  0 10   3.30  0.26075 0.00045 2  0.32921 0.00099  2  2  2 000 110101 4  0 -143282   -9247  1.68  20.01 22.02 21.59 141.05748   5.67342  star?                         
106 S09J092414453+05505810            9 24 14.45   05 50 58.1 21.17  0  0 -9.99900 0.00003  0  5   4.68  0.90103 0.00046 3  0.39704 0.00048  3  3  2 000 110101 4  0 -101326   -9414  1.28  20.47 22.19 21.85 141.06022   5.84947                                
107 S09J092348982+05550791            9 23 48.98   05 55  7.9 22.35  0  0 -9.99900 0.00003  0 11   2.98  1.82594 0.00367 2  0.81032 0.00367  2  3  2 000 110101 4  0  -85487  -34394  0.13  22.41 99.00 23.74 140.95409   5.91886                                
108 S09J092356634+05272180            9 23 56.63   05 27 21.8 20.35  0  0 -9.99900 0.00003  0  3   2.73  0.37733 0.00152 2  0.37723 0.00152  2  3  2 000 110101 4  0 -196686  -25203  1.96  19.16 21.43 20.90 140.98597   5.45606                                
109 Y09J092352476+05501445            9 23 52.48   05 50 14.4 20.86  1  1  0.25651 0.00004  2 10   3.06  0.64720 0.00023 2  0.64720 0.00026  2  4  0 000 110101 4  0 -104654  -30681  1.33  20.31 22.78 21.66 140.96865   5.83735                                
110 S09J092359151+05380800            9 23 59.15   05 38  8.0 20.77  1  4  0.33569 0.00009  3  2   2.18  0.45306 0.00198 1  0.33605 0.00012  2  3  2 000 110101 4  0 -152717  -23389  0.68  20.84 22.19 21.89 140.99646   5.63556                                
111 S09J092343374+05191419            9 23 43.37   05 19 14.2 21.95  0  0 -9.99900 0.00009  0  3   3.93  0.96925 0.00060 3  0.94914 0.00061  2  2  2 000 110101 4  0 -231164  -37969  0.08  22.74 99.00 99.00 140.93072   5.32061                                
112 S09J092355403+05391696            9 23 55.40   05 39 17.0 21.51  0  0 -9.99900 0.00009  0  2   3.51  0.69869 0.00101 3  0.53228 0.00102  3  2  2 000 110101 4  0 -148172  -27126  0.68  20.73 22.77 22.04 140.98085   5.65471                                
113 S09J092338588+05224779            9 23 38.59   05 22 47.8 21.33  0  0 -9.99900 0.00009  0 14   3.51  3.44761 0.01252 3  3.44761 0.01252  2  2  0 000 110101 4  0 -216248  -42848  0.65  20.44 22.90 22.05 140.91078   5.37994                                
114 S09J092338075+05254592            9 23 38.07   05 25 45.9 20.13  0  0 -9.99900 0.00009  0 10   2.65  0.56367 0.00114 2  0.12754 0.00115  2  3  2 000 110101 4  0 -203832  -43461  0.62  20.80 22.55 22.17 140.90865   5.42942                                
115 Y09J092332292+05333037            9 23 32.29   05 33 30.4 20.08  1  1  0.17237 0.00009  3 14   3.37  6.11752 0.00850 2  1.06407 0.00016  0  3  2 000 110101 4  0 -172151  -49489  1.72  19.83 21.76 21.09 140.88455   5.55844                                
116 S09J092333934+05265993            9 23 33.93   05 26 59.9 21.67  0  0 -9.99900 0.00009  0  2   3.06  0.94987 0.00160 2  0.42270 0.00161  2  2  2 000 110101 4  0 -198836  -47606  0.06  22.69 99.00 99.00 140.89139   5.44998                                
117 S09J092401023+05550232            9 24  1.02   05 55  2.3 22.01  0  0 -9.99900 0.00009  0  3   4.01  0.96865 0.00052 3  0.45377 0.00054  3  2  2 000 110101 4  0  -85589  -22725  0.57  20.99 22.71 22.73 141.00426   5.91731                                
118 S09J092336722+05471783            9 23 36.72   05 47 17.8 21.07  0  0 -9.99900 0.00009  0 11   3.47  1.84636 0.00277 2  0.88640 0.00277  2  2  2 000 110101 4  0 -116648  -45821  0.65  20.98 22.32 22.26 140.90301   5.78829                                
119 S09J092331868+05364290            9 23 31.87   05 36 42.9 20.21  0  0 -9.99900 0.00009  0 10   4.13  0.82732 0.00259 3  0.83147 0.00259  3  3  2 000 110101 4  0 -159131  -50049  1.26  20.47 21.60 21.66 140.88278   5.61192                                
120 S09J092313023+05225580            9 23 13.02   05 22 55.8 21.44  3 11  0.27265 0.00001  5 10   5.39  0.72282 0.00139 4  0.96927 0.00007  0  2  2 000 110101 4  0 -216567  -68309  0.65  20.73 22.55 23.03 140.80426   5.38217                                
121 S09J092317855+05285217            9 23 17.85   05 28 52.2 22.48  0  0 -9.99900 0.00001  0 14   3.78  6.51903 0.01444 3  0.24716 0.01445  2  3  2 000 110101 4  0 -191617  -63603  0.47  21.31 22.32 22.90 140.82440   5.48116                                
122 S09J092403211+05584903            9 24  3.21   05 58 49.0 21.10  1  1  0.30964 0.00004  3  1   3.52  0.59892 0.00044 3  0.82013 0.00045  0  2  2 000 110101 4  0  -70739  -20869  1.81  20.27 21.64 21.68 141.01338   5.98029                                
123 Y09J092306736+05273245            9 23  6.74   05 27 32.4 19.96  0  0 -9.99900 0.00004  0 10   5.06  0.27091 0.00071 4  0.27126 0.00071  4  3  2 000 110101 4  0 -197513  -74625  3.08  19.46 20.61 20.75 140.77807   5.45901  QSO                           
124 S09J092333759+05454703            9 23 33.76   05 45 47.0 20.69  0  0 -9.99900 0.00004  0 14   2.74  6.45690 0.02940 2  0.70545 0.02940  2  2  2 000 110101 4  0 -122737  -48638  1.99  19.96 21.09 21.71 140.89066   5.76306                                
125 S09J092308946+05321622            9 23  8.95   05 32 16.2 22.38  0  0 -9.99900 0.00004  0 14   3.97  6.47998 0.02768 3  0.77954 0.02768  3  3  2 000 110101 4  0 -177931  -72496  0.81  20.83 21.62 22.17 140.78727   5.53784                                
126 S09J092328761+05443993            9 23 28.76   05 44 39.9 21.99  0  0 -9.99900 0.00002  0  5   2.02  0.30927 0.00140 1  0.30927 0.00140  1  2  0 000 110101 4  0 -127322  -53463  0.42  21.27 21.94 23.94 140.86984   5.74443                                
127 S09J092300384+05313233            9 23  0.38   05 31 32.3 21.45  1  1  0.25731 0.00002  2  5   2.52  0.30772 0.00125 2  0.11535 0.00125  2  3  2 000 110101 4  0 -181225  -80982  0.64  21.00 21.87 23.88 140.75160   5.52565                                
128 S09J092251297+05443458            9 22 51.30   05 44 34.6 21.64  1  1  0.08063 0.00007  2 13   2.48  4.95095 0.00635 1  0.45133 0.00009  2  4  2 000 110101 4  0 -128759  -90223  0.57  21.22 22.05 22.95 140.71374   5.74294                                
129 S09J092337809+05531801            9 23 37.81   05 53 18.0 21.05  0  0 -9.99900 0.00007  0 14   3.00  6.55632 0.01745 2  0.83123 0.01745  2  2  2 000 110101 4  0  -92911  -45130  1.73  20.08 20.87 21.81 140.90754   5.88834                                
130 S09J092334146+05552960            9 23 34.15   05 55 29.6 21.59  2  3  0.20270 0.00004  4  4   2.62  0.31662 0.00118 2  0.20241 0.00009  0  4  2 000 110101 4  0  -84399  -48827  1.15  20.70 21.55 22.20 140.89228   5.92489                                
131 S09J092329534+05501084            9 23 29.53   05 50 10.8 21.69  3  4  0.42670 0.00002  5 10   5.08  0.42660 0.00015 4  0.42670 0.00010  5  5  0 000 110101 4  0 -105420  -52996  0.95  20.74 21.78 22.52 140.87306   5.83634                                
132 calibrator2                       9 23  8.44   05 43 40.5 19.09  1  2  0.18094 0.00003  3 14   3.39  6.53702 0.02419 2  0.18067 0.33356  0  6  2 000 110101 4  0 -131836  -73326  4.47  19.02 19.71 20.29 140.78515   5.72792                                
133 S09J092227948+05262966            9 22 27.95   05 26 29.7 20.84  1  1  0.41875 0.00004  0 14   3.28  6.55631 0.01271 2  6.55631 0.01272  2  2  0 000 110101 4  0 -203522 -113492  1.90  20.11 21.53 21.72 140.61645   5.44157                                
134 S09J092224539+05275416            9 22 24.54   05 27 54.2 20.28  0  0 -9.99900 0.00004  0 11   6.07  1.72890 0.00182 4  1.72759 0.00182  4  3  2 000 110101 4  0 -197776 -116887  3.16  19.55 20.42 20.88 140.60225   5.46504  QSO                           
135 S09J092325907+05524776            9 23 25.91   05 52 47.8 21.80  2  2  0.67672 0.00008  4 14   3.78  6.51942 0.03410 3  0.67619 0.00014  0  4  2 000 110101 4  0  -95175  -56672  0.61  21.35 22.30 22.77 140.85795   5.87993                                
136 S09J092311575+05510719            9 23 11.57   05 51  7.2 20.31  0  0 -9.99900 0.00008  0  2   3.18  0.38170 0.00080 2  0.38024 0.00081  2  3  2 000 110101 4  0 -102166  -70579  2.47  19.93 21.26 21.16 140.79823   5.85200                                
137 S09J092221472+05312728            9 22 21.47   05 31 27.3 20.43  0  0 -9.99900 0.00008  0 14   3.27  6.49161 0.03313 2  0.45367 0.03313  2  3  2 000 110101 4  0 -183143 -119871  1.79  19.99 20.90 21.25 140.58947   5.52424                                
138 S09J092205925+05290886            9 22  5.92   05 29  8.9 22.42  0  0 -9.99900 0.00008  0 10   3.28  0.25931 0.00097 2  0.25931 0.00098  2  2  0 000 110101 4  0 -193499 -135705  0.47  21.26 22.17 22.57 140.52469   5.48579                                
139 S09J092217459+05314816            9 22 17.46   05 31 48.2 21.74  0  0 -9.99900 0.00008  0 12   3.38  2.29718 0.00340 2  0.45398 0.00341  2  4  2 000 110101 4  0 -181882 -123914  0.28  21.87 23.44 22.70 140.57275   5.53004                                
140 S09J092206490+05303027            9 22  6.49   05 30 30.3 21.51  0  0 -9.99900 0.00008  0 13   2.47  2.79305 0.01088 1  0.35479 0.01089  1  2  2 000 110101 4  0 -187794 -135059  0.75  20.88 22.55 22.71 140.52704   5.50841                                
141 S09J092336676+06000660            9 23 36.68   06  0  6.6 20.90  0  0 -9.99900 0.00008  0  1   3.04  0.91152 0.00094 2  0.91152 0.00095  2  2  0 000 110101 4  0  -66239  -46659  0.63  20.99 99.00 22.82 140.90282   6.00183                                
142 S09J092305829+05515088            9 23  5.83   05 51 50.9 21.86  0  0 -9.99900 0.00008  0 10   3.49  0.17100 0.00025 2  0.57286 0.00026  2  3  2 000 110101 4  0  -99435  -76216  0.54  21.18 22.44 22.72 140.77429   5.86413                                
145 S09J092214361+05394091            9 22 14.36   05 39 40.9 21.88  0  0 -9.99900 0.00008  0 14   2.63  3.41139 0.01060 2  1.26941 0.01060  2  2  2 000 110101 4  0 -149762 -126874  0.41  21.44 22.47 23.29 140.55984   5.66136                                
146 S09J092252421+05503952            9 22 52.42   05 50 39.5 20.58  2  2  0.70690 0.00002  4 12   3.99  2.06432 0.00568 3  0.28981 0.00002  0  2  2 000 110101 4  0 -104494  -89309  0.95  20.34 21.29 21.94 140.71842   5.84431                                
147 S09J092308505+06011437            9 23  8.50   06  1 14.4 20.55  1  1  0.27100 0.00005  2  1   2.97  0.48846 0.00100 2  0.48668 0.00100  2  3  2 000 110101 4  0  -62444  -74127  1.34  19.97 22.00 21.55 140.78544   6.02066                                
148 S09J092207418+05404391            9 22  7.42   05 40 43.9 20.58  0  0 -9.99900 0.00005  0  3   2.90  0.60851 0.00048 2  0.60725 0.00049  2  3  2 000 110101 4  0 -145778 -133848  1.72  20.24 21.91 21.48 140.53091   5.67886                                
149 S09J092322806+05563532            9 23 22.81   05 56 35.3 20.29  0  0 -9.99900 0.00005  0  1   2.82  0.74453 0.00059 2  0.03796 0.00060  2  2  2 000 110101 4  0  -80340  -59915  0.67  20.92 24.57 22.42 140.84502   5.94314                                
151 S09J092345636+06051837            9 23 45.64   06  5 18.4 20.91  1  1  0.17163 0.00005  2 13   3.16  4.10485 0.00691 2  0.17158 0.00692  2  3  2 000 110101 4  0  -45781  -38343  0.25  21.99 99.00 23.65 140.94015   6.08844                                
152 S09J092258716+05565637            9 22 58.72   05 56 56.4 21.57  0  0 -9.99900 0.00005  0 11   4.43  1.85073 0.00156 3  0.59411 0.00157  3  2  2 000 110101 4  0  -79537  -83433 -0.13  99.00 99.00 99.00 140.74465   5.94899                                
153 S09J092138733+05395444            9 21 38.73   05 39 54.4 20.08  1  1  0.38406 0.00004  2  2   3.21  0.38254 0.00094 2  0.38399 0.00004  2  3  2 000 110101 4  0 -150407 -162941  2.25  19.81 21.23 20.96 140.41139   5.66512                                
154 S09J092254398+05485473            9 22 54.40   05 48 54.7 21.69  0  0 -9.99900 0.00004  0 10   2.91  0.24624 0.00055 2  0.28356 0.00056  2  2  2 000 110101 4  0 -111390  -87321  0.16  21.96 99.00 24.03 140.72666   5.81520                                
155 S09J092249720+05532980            9 22 49.72   05 53 29.8 22.04  1  1  0.30979 0.00008  2  5   3.33  0.98632 0.00086 2  0.28344 0.00087  2  3  2 000 110101 4  0  -93337  -92067  0.68  21.22 22.67 22.37 140.70717   5.89161                                
156 S09J092300112+05590950            9 23  0.11   05 59  9.5 21.92  0  0 -9.99900 0.00008  0 11   2.72  1.90319 0.00791 2  0.71189 0.00791  2  3  2 000 110101 4  0  -70797  -82192  0.14  22.83 25.00 23.56 140.75047   5.98597                                
157 S09J092303914+06004760            9 23  3.91   06  0 47.6 21.43  0  0 -9.99900 0.00008  0 12   2.59  1.83452 0.00475 2  0.42207 0.00475  2  2  2 000 110101 4  0  -64296  -78559  0.20  22.08 24.84 24.22 140.76631   6.01322                                
158 S09J092229534+05504765            9 22 29.53   05 50 47.6 22.06  3  3  0.57895 0.00003  5 10   5.16  0.57803 0.00023 4  0.57883 0.00011  5  5  2 000 110101 4  0 -104644 -111896  0.55  21.22 22.51 22.51 140.62306   5.84657                                
159 S09J092347817+06030581            9 23 47.82   06  3  5.8 21.75  0  0 -9.99900 0.00003  0 13   3.21  4.08021 0.00789 2  1.80622 0.00539  2  2  2 000 110101 4  0  -54349  -36082  0.14  22.44 99.00 25.47 140.94924   6.05161  QSO                           
160 S09J092313602+06035789            9 23 13.60   06  3 57.9 21.38  0  0 -9.99900 0.00003  0  9   6.47 -0.00031 0.00102 6 -0.00078 0.00102  6  6  2 000 110101 4  0  -51687  -69321  1.83  19.86 22.13 22.05 140.80668   6.06608                                
161 S09J092316698+05573551            9 23 16.70   05 57 35.5 21.54  0  0 -9.99900 0.00003  0 10   3.29  0.16714 0.00052 2  0.81345 0.00053  2  3  2 000 110101 4  0  -76539  -65921  0.09  22.58 24.77 26.63 140.81957   5.95986                                
162 S09J092231348+05574511            9 22 31.35   05 57 45.1 21.14  0  0 -9.99900 0.00003  0 13   3.19  4.91342 0.00319 2  0.38286 0.00321  2  3  2 000 110101 4  0  -77068 -110341  0.87  20.56 22.39 22.12 140.63062   5.96253                                
163 S09J092117410+05493306            9 21 17.41   05 49 33.1 22.20  0  0 -9.99900 0.00003  0 10   3.27  0.25937 0.00070 2  0.93757 0.00071  2  4  2 000 110101 4  0 -112244 -184497  0.09  22.30 25.54 26.27 140.32254   5.82585                                
164 S09J092101929+05452077            9 21  1.93   05 45 20.8 21.06  1  1  0.16828 0.00008  3 10   2.72  0.16777 0.00020 2  0.56926 0.00010  2  3  2 000 110101 4  0 -130029 -200706  1.14  20.01 22.07 21.79 140.25804   5.75577                                
165 S09J092314701+06061971            9 23 14.70   06  6 19.7 21.53  0  0 -9.99900 0.00008  0 11   2.85  1.87931 0.00179 2 -0.10601 0.00180  2  2  2 000 110101 4  0  -42433  -68399  0.29  21.67 99.00 23.15 140.81125   6.10548                                
166 S09J092357132+06135615            9 23 57.13   06 13 56.1 21.42  0  0 -9.99900 0.00008  0  4   3.41  1.05880 0.00042 2  0.46159 0.00044  2  2  2 000 110101 4  0  -12023  -27865  0.23  21.99 99.00 23.81 140.98805   6.23226                                
167 S09J092102533+05485050            9 21  2.53   05 48 50.5 21.32  1  3  0.13149 0.00003  3 10   4.23  0.48171 0.00031 3  0.13150 0.00005  0  3  2 000 110101 4  0 -115775 -199936  0.79  20.96 21.97 21.86 140.26055   5.81403                                
168 S09J092405769+06171419            9 24  5.77   06 17 14.2 20.59  0  0 -9.99900 0.00003  0 10   2.63  0.61175 0.00139 2  0.51568 0.00140  2  2  2 000 110101 4  0     965  -19790  0.63  20.63 99.00 22.41 141.02404   6.28728                                
169 S09J092336347+06080302            9 23 36.35   06  8  3.0 21.31  1  1  0.23299 0.00007  3 13   2.75  4.64125 0.00885 2  0.65593 0.00009  0  4  2 000 110101 4  0  -35284  -47528  0.78  20.99 23.42 22.24 140.90145   6.13417                                
170 S09J092233844+06025708            9 22 33.84   06  2 57.1 20.70  0  0 -9.99900 0.00007  0  3   3.14  0.55715 0.00061 2  0.55600 0.00062  2  3  2 000 110101 4  0  -56566 -108133  0.86  20.37 22.81 21.91 140.64102   6.04919                                
171 S09J092155573+06014868            9 21 55.57   06  1 48.7 22.13  1  6  0.20389 0.00006  3 11   3.49  1.72051 0.00137 2  1.11961 0.00008  0  3  2 000 110101 4  0  -62061 -146006  0.16  21.99 23.54 23.69 140.48155   6.03019                                
172 S09J092323056+06092386            9 23 23.06   06  9 23.9 20.98  0  0 -9.99900 0.00006  0 14   2.95  3.43934 0.00604 2  0.83728 0.00604  2  3  2 000 110101 4  0  -30296  -60507  0.98  20.60 22.40 22.53 140.84607   6.15663                                
173 S09J092238347+06051147            9 22 38.35   06  5 11.5 21.94  1  1  0.15884 0.00006  2 13   3.30  3.65955 0.00640 2  0.15885 0.00641  2  3  2 000 110101 4  0  -47674 -103829  0.16  22.00 99.00 24.74 140.65978   6.08652                                
174 S09J092314233+06044924            9 23 14.23   06  4 49.2 21.21  1  1  0.31512 0.00002  2 10   2.65  0.12401 0.00037 2  0.31534 0.00004  2  2  2 000 110101 4  0  -48318  -68755  0.35  21.24 99.00 23.13 140.80930   6.08034                                
175 S09J092150088+06014042            9 21 50.09   06  1 40.4 21.52  0  0 -9.99900 0.00002  0 10   2.69  0.25618 0.00123 2  0.64912 0.00123  2  2  2 000 110101 4  0  -62752 -151486  0.41  21.16 99.00 22.98 140.45870   6.02789                                
176 S09J092351186+06192111            9 23 51.19   06 19 21.1 21.52  2  2  0.23122 0.00002  4 10   4.40  0.66104 0.00086 3  0.23122 0.00008  0  5  0 000 110101 4  0    8902  -34038  0.11  22.13 99.00 26.43 140.96328   6.32253                                
177 S09J092330637+06111047            9 23 30.64   06 11 10.5 21.83  2  3  0.56900 0.00002  4 10   4.20  0.56881 0.00022 3  0.56889 0.00011  4  4  2 000 110101 4  0  -23235  -53279  0.03  22.76 99.00 23.99 140.87765   6.18624                                
178 S09J092138328+06093283            9 21 38.33   06  9 32.8 21.82  3  3  0.50873 0.00002  5 10   4.30  0.49296 0.00020 3  1.00582 0.00002  0  3  2 000 110101 4  0  -32009 -163651  0.06  22.78 99.00 99.00 140.40970   6.15912                                
179 S09J092410849+06164348            9 24 10.85   06 16 43.5 20.34  1  1  0.36130 0.00003  3 14   4.01  6.35935 0.00454 3  0.36147 0.00003  0  4  2 000 110101 4  0    -930  -14857  1.61  20.27 22.01 21.58 141.04520   6.27874                                
180 S09J092041717+05593541            9 20 41.72   05 59 35.4 21.34  0  0 -9.99900 0.00003  0  5   2.61  0.01958 0.00051 2  0.01958 0.00051  2  2  0 000 110101 4  0  -73279 -221520  0.21  21.53 23.23 23.53 140.17382   5.99317                                
181 S09J092348005+06155920            9 23 48.00   06 15 59.2 20.09  0  0 -9.99900 0.00003  0 11   2.95  1.80268 0.00179 2  0.36837 0.00179  2  2  2 000 110101 4  0   -4216  -36841  0.64  20.65 22.97 21.99 140.95002   6.26644                                
183 S09J092046585+06022557            9 20 46.58   06  2 25.6 21.54  0  0 -9.99900 0.00003  0  5   4.85  1.21867 0.00056 3  1.21867 0.00058  3  2  0 000 110101 4  0  -61730 -216428  0.37  21.25 25.42 22.88 140.19410   6.04044                                
184 S09J092402814+06144371            9 24  2.81   06 14 43.7 21.70  1  1  0.11570 0.00004  2  5   2.21  0.52275 0.00060 1  0.11570 0.00004  2  2  0 000 110101 4  0   -8819  -22445  0.31  21.58 99.00 24.02 141.01173   6.24548                                
185 S09J092054062+06042293            9 20 54.06   06  4 22.9 20.60  0  0 -9.99900 0.00004  0 12   4.99  2.28074 0.00122 3  0.78812 0.00123  3  3  2 000 110101 4  0  -53667 -208676  0.96  20.33 22.67 21.81 140.22526   6.07304                                
186 Y09J092326558+06205983            9 23 26.56   06 20 59.8 20.81  0  0 -9.99900 0.00004  0  1   3.69  0.61919 0.00036 3  0.61864 0.00036  2  3  2 000 110101 4  0   14866  -57990  2.17  19.41 22.39 21.55 140.86066   6.34995                                
187 S09J092034638+06052279            9 20 34.64   06  5 22.8 22.03  0  0 -9.99900 0.00004  0 13   2.68  3.64261 0.00530 2  3.64261 0.00531  2  2  0 000 110101 4  0  -50294 -229037  0.46  21.08 22.84 22.72 140.14432   6.08966                                
188 S09J092130719+06091707            9 21 30.72   06  9 17.1 20.48  0  0 -9.99900 0.00004  0 13   2.22  3.63647 0.00496 1  1.00694 0.00497  1  3  2 000 110101 4  0  -33229 -171317  1.75  19.70 20.82 21.28 140.37800   6.15474                                
189 S09J092237613+06151596            9 22 37.61   06 15 16.0 21.60  1  1  0.15381 0.00007  3 10   3.13  0.10004 0.00032 2  0.54969 0.00009  0  4  2 000 110101 4  0   -8335 -105203  0.48  21.21 22.51 22.36 140.65672   6.25443                                
190 S09J092137816+06103460            9 21 37.82   06 10 34.6 21.58  1  1  0.25051 0.00006  3 12   3.51  1.23095 0.00119 3  0.67966 0.00009  0  4  2 000 110101 4  0  -27962 -164230  0.75  20.20 23.04 21.94 140.40757   6.17628                                
191 S09J092159420+06120848            9 21 59.42   06 12  8.5 20.51  1  1  0.29403 0.00005  2  3   3.78  0.59689 0.00041 3  0.67575 0.33356  3  6  2 000 110101 4  0  -21332 -142704  3.23  19.61 21.44 20.92 140.49758   6.20236                                
193 S09J092219416+06130564            9 22 19.42   06 13  5.6 21.39  1  2  0.21332 0.00001  3 11   3.51  1.72275 0.00213 3  0.68264 0.00001  0  3  2 000 110101 4  0  -17184 -122943  1.04  20.47 22.55 21.64 140.58090   6.21823                                
194 calibrator3                       9 23  1.11   06 15  1.3 19.64  1  1  0.27125 0.00003  2  5   2.34  0.30969 0.00222 1  0.09040 0.33356  2  6  2 000 110101 4  0   -8842  -82247  3.49  18.90 19.67 20.09 140.75461   6.25038                                
195 S09J092349765+06174693            9 23 49.76   06 17 46.9 21.72  0  0 -9.99900 0.00003  0  4   3.48  0.87365 0.00036 2  0.67253 0.00038  2  4  2 000 110101 4  0    2766  -35288  1.21  20.57 22.58 21.78 140.95735   6.29637                                
196 S09J092342017+06164578            9 23 42.02   06 16 45.8 21.37  1  1  0.28440 0.00002  3 11   3.42  1.82193 0.00534 2  0.28486 0.00002  0  3  2 000 110101 4  0   -1331  -42686  1.12  20.64 22.75 21.84 140.92507   6.27938                                
197 S09J092044620+06152835            9 20 44.62   06 15 28.3 20.98  0  0 -9.99900 0.00002  0 11   2.81  1.80722 0.00310 2  0.55286 0.00311  2  3  2 000 110101 4  0   -9762 -219003  0.61  21.51 23.65 22.04 140.18592   6.25788                                
198 S09J092211794+06174339            9 22 11.79   06 17 43.4 21.01  0  0 -9.99900 0.00002  0  3   2.11  0.48782 0.00059 1  0.72384 0.33356  1  3  2 000 110101 4  0     766 -130810  2.15  20.01 21.96 21.12 140.54914   6.29539                                
199 S09J092133216+06175399            9 21 33.22   06 17 54.0 21.22  0  0 -9.99900 0.00002  0 12   3.34  2.27343 0.00566 2  2.27343 0.00566  2  2  0 000 110101 4  0     770 -169350  1.17  20.38 21.64 21.30 140.38840   6.29833                                
201 S09J092042665+06174750            9 20 42.66   06 17 47.5 22.48  1  1  0.06679 0.00005  3 11   4.40  1.50228 0.00109 3  0.87830 0.00009  0  4  2 000 110101 4  0    -565 -221209  0.32  21.53 99.00 23.72 140.17777   6.29653                                
202 S09J092149130+06184695            9 21 49.13   06 18 46.9 21.90  1  2  0.29320 0.00004  3  1   3.79  0.59734 0.00039 3  0.29329 0.00004  0  5  2 000 110101 4  0    4526 -153434  0.22  21.73 99.00 23.96 140.45471   6.31304                                
203 S09J092059093+06202015            9 20 59.09   06 20 20.1 21.38  0  0 -9.99900 0.00004  0  1   3.08  0.95206 0.00075 2  0.54175 0.00076  2  2  2 000 110101 4  0    9808 -204342  0.86  20.64 22.93 22.12 140.24622   6.33893                                
204 S09J092034180+06210057            9 20 34.18   06 21  0.6 21.55  1  1  0.35631 0.00002  0  2   2.85  0.97858 0.00303 2  0.14160 0.00003  2  2  2 000 110101 4  0   12118 -230390  1.03  20.35 23.21 22.43 140.14242   6.35016                                
205 S09J092207225+06201586            9 22  7.22   06 20 15.9 20.63  0  0 -9.99900 0.00002  0  3   4.15  0.52166 0.00038 3  0.52169 0.00039  3  2  2 000 110101 4  0   10658 -135532  1.42  19.84 22.31 21.56 140.53010   6.33774                                
206 S09J092323817+06193095            9 23 23.82   06 19 30.9 21.94  0  0 -9.99900 0.00002  0 10   3.63  0.18490 0.00045 3  0.58759 0.00046  2  3  2 000 110101 4  0    9039  -60521  0.71  20.48 99.00 22.39 140.84924   6.32526                                
207 S09J092244907+06193903            9 22 44.91   06 19 39.0 21.60  3  4  0.75529 0.00003  5  3   3.06  0.75648 0.00055 2  0.75595 0.00012  5  5  2 000 110101 4  0    8889  -98398  1.30  20.50 22.04 21.95 140.68711   6.32751                                
208 S09J092322136+06184866            9 23 22.14   06 18 48.7 20.48  0  0 -9.99900 0.00003  0  4   2.84  0.08054 0.00036 2  0.08069 0.00036  2  2  2 000 110101 4  0    6285  -62103  1.45  20.06 21.95 21.43 140.84223   6.31352                                
209 S09J092209143+06220659            9 22  9.14   06 22  6.6 22.47  1  2  0.18874 0.00005  3  5   4.08  0.88267 0.00057 3  1.09291 0.00006  0  3  2 000 110101 4  0   17916 -133786  0.23  21.81 99.00 23.34 140.53810   6.36850                                
210 S09J092247441+06210205            9 22 47.44   06 21  2.0 20.92  1  1  0.30909 0.00006  3 13   3.95  3.63069 0.00452 3  0.82207 0.00006  0  4  2 000 110101 4  0   14336  -96034  1.22  20.48 22.35 22.13 140.69767   6.35057                                
211 S09J092118923+06261921            9 21 18.92   06 26 19.2 20.78  1  1  0.13644 0.00004  3 13   3.09  4.26628 0.00546 2  0.48955 0.00005  0  3  2 000 110101 4  0   33756 -184573  1.77  19.73 21.78 21.29 140.32885   6.43867                                
213 S09J092104117+06280561            9 21  4.12   06 28  5.6 21.72  2  2  0.20317 0.00003  4 11   5.22  1.82009 0.00119 4  0.20305 0.00003  0  5  2 000 110101 4  0   40654 -199929  0.46  21.23 23.09 22.48 140.26715   6.46823                                
214 S09J092124681+06271864            9 21 24.68   06 27 18.6 20.77  0  0 -9.99900 0.00003  0  1   2.53  0.59844 0.00050 2  0.58977 0.00051  2  2  2 000 110101 4  0   37773 -178833  0.76  20.84 22.50 22.47 140.35284   6.45518                                
215 S09J092319415+06210823            9 23 19.41   06 21  8.2 20.85  1  1  0.17807 0.00004  2  3   2.37  0.31095 0.00081 1  0.17807 0.00009  2  2  0 000 110101 4  0   15278  -64927  1.63  19.90 22.32 21.46 140.83090   6.35229                                
216 S09J092155384+06265709            9 21 55.38   06 26 57.1 21.86  2 11  0.31540 0.00006  4 10   4.26  0.78466 0.00287 3  0.31540 0.00011  0  2  0 000 110101 4  0   36690 -147909  0.61  20.55 99.00 23.36 140.48077   6.44919  fringed                       
217 S09J092152533+06294225            9 21 52.53   06 29 42.2 21.71  0  0 -9.99900 0.00006  0  5   3.13  0.69341 0.00049 2  1.03556 0.00050  2  2  2 000 110101 4  0   47496 -151024  0.43  21.14 24.11 22.76 140.46889   6.49507                                
218 S09J092141091+06292572            9 21 41.09   06 29 25.7 21.91  2  2  0.30520 0.00002  4 10   3.24  0.71017 0.00024 2  0.30511 0.00002  0  5  2 000 110101 4  0   46290 -162474  0.76  20.92 22.61 22.28 140.42121   6.49048                                
219 S09J092110090+06330827            9 21 10.09   06 33  8.3 21.47  0  0 -9.99900 0.00002  0  1   3.57  0.98602 0.00118 3  0.13839 0.00119  2  2  2 000 110101 4  0   60743 -194419  0.09  22.27 99.00 23.13 140.29204   6.55230                                
220 S09J092041310+06354284            9 20 41.31   06 35 42.8 20.19  0  0 -9.99900 0.00002  0 11   2.54  1.12626 0.00228 2  1.12504 0.00228  2  3  2 000 110101 4  0   71001 -224720  2.59  19.27 20.34 20.49 140.17212   6.59523  QSO                           
221 S09J092155843+06301776            9 21 55.84   06 30 17.8 20.66  0  0 -9.99900 0.00002  0  1   3.14  0.53916 0.00056 2  0.53924 0.00057  2  3  2 000 110101 4  0   49860 -147793  1.91  19.78 22.54 21.19 140.48268   6.50493  star?                         
222 S09J092331572+06220181            9 23 31.57   06 22  1.8 21.77  2  2  0.25839 0.00003  4  5   2.19  0.25573 0.00069 1  0.25828 0.00003  4  5  2 000 110101 4  0   18954  -53225  0.86  20.66 22.44 21.89 140.88155   6.36717                                
223 S09J092109291+06361279            9 21  9.29   06 36 12.8 22.18  1  2  0.19516 0.00003  3 10   4.20  0.69714 0.00027 3  0.69714 0.00029  0  4  0 000 110101 4  0   72996 -195655  0.05  22.51 99.00 99.00 140.28871   6.60355                                
224 S09J092055773+06380620            9 20 55.77   06 38  6.2 21.22  1  2  0.12409 0.00002  3 10   4.50  0.47344 0.00019 3  0.12414 0.00002  0  2  2 000 110101 4  0   80573 -209923 -0.17  99.00 99.00 99.00 140.23239   6.63506                                
225 S09J092118068+06364756            9 21 18.07   06 36 47.6 21.19  1  1  0.03224 0.00009  3  3   3.53  1.08174 0.00078 3  0.81715 0.00016  0  3  2 000 110101 4  0   75328 -186734  1.33  19.94 22.64 21.59 140.32528   6.61321                                
226 S09J092052359+06402061            9 20 52.36   06 40 20.6 22.10  1  1  0.33518 0.00003  2 10   2.81  0.52032 0.00070 2  0.41523 0.00003  2  2  2 000 110101 4  0   89595 -213848  1.08  20.78 23.78 21.93 140.21816   6.67239                                
227 S09J092233588+06293365            9 22 33.59   06 29 33.6 20.90  0  0 -9.99900 0.00003  0  4   2.78  0.89815 0.00067 2  1.14564 0.00068  2  3  2 000 110101 4  0   47423 -110366  1.63  20.20 23.12 21.65 140.63995   6.49268                                
228 S09J092205436+06341620            9 22  5.44   06 34 16.2 21.30  1  1  0.20308 0.00009  3 10   3.41  0.61611 0.00105 2  0.61542 0.00012  0  3  2 000 110101 4  0   65599 -138690  0.49  21.04 99.00 22.83 140.52265   6.57117                                
229 S09J092306449+06325550            9 23  6.45   06 32 55.5 20.54  0  0 -9.99900 0.00009  0  3   3.81  0.89501 0.00089 3  0.44562 0.33356  3  2  2 000 110101 4  0   61035  -78581  0.96  20.72 99.00 21.97 140.77687   6.54875                                
230 S09J092119109+06412210            9 21 19.11   06 41 22.1 22.07  0  0 -9.99900 0.00009  0  2   2.53  0.45192 0.00185 2  0.75522 0.00185  2  2  2 000 110101 4  0   93632 -186338  0.22  21.71 99.00 99.00 140.32962   6.68947                                
232 S09J092349926+06230183            9 23 49.93   06 23  1.8 21.63  0  0 -9.99900 0.00009  0  4   3.40  0.14082 0.00040 2  0.14082 0.00041  2  2  0 000 110101 4  0   23170  -35559  0.15  22.46 99.00 23.42 140.95802   6.38384                                
233 S09J092412009+06183367            9 24 12.01   06 18 33.7 22.50  2  3  0.79237 0.00004  4  2   3.87  0.15266 0.00055 3  0.79210 0.00013  0  4  2 000 110101 4  0    6216  -13901  0.39  21.06 22.71 21.11 141.05004   6.30935                                
234 S09J092144279+06431150            9 21 44.28   06 43 11.5 20.54  1  2  0.17436 0.00011  2 12   4.19  1.74977 0.00178 3  1.74977 0.00178  3  3  0 000 110101 4  0  100903 -161040  2.58  19.14 20.76 20.87 140.43450   6.71986  QSO                           
235 S09J092137636+06430157            9 21 37.64   06 43  1.6 22.31  1  1  0.12024 0.00005  3 11   4.64  1.62661 0.00094 3  0.97211 0.00010  0  3  2 000 110101 4  0  100233 -167728  0.76  20.89 22.47 22.49 140.40682   6.71710                                
236 S09J092135701+06444691            9 21 35.70   06 44 46.9 22.29  1  1  0.31952 0.00003  2 10   2.96  0.52614 0.00092 2  0.64466 0.00004  2  2  2 000 110101 4  0  107277 -169967  0.71  20.92 22.10 21.99 140.39875   6.74636                                
237 S09J092141481+06443436            9 21 41.48   06 44 34.4 21.30  0  0 -9.99900 0.00003  0 10   2.53  0.52401 0.00140 2  0.97185 0.00141  2  2  2 000 110101 4  0  106409 -164080  0.99  20.68 22.63 22.38 140.42284   6.74288                                
238 S09J092216894+06385297            9 22 16.89   06 38 53.0 20.51  1  1  0.32654 0.00005  0  4   2.31  0.53395 0.00048 1  0.73815 0.00007  1  3  2 000 110101 4  0   83924 -127856  1.96  19.77 21.73 21.37 140.57039   6.64805                                
241 S09J092342746+06242597            9 23 42.75   06 24 26.0 20.82  2  4  0.27147 0.00002  4  4   3.49  0.32085 0.00361 2  0.72936 0.00006  0  2  2 000 110101 4  0   28484  -42594  2.17  19.95 20.62 21.38 140.92811   6.40721                                
242 S09J092211198+06451118            9 22 11.20   06 45 11.2 20.71  1  1  0.15485 0.00004  2  3   4.96  0.55945 0.00035 3  0.55922 0.00036  3  4  2 000 110101 4  0  108900 -134329  1.68  19.63 21.63 21.54 140.54666   6.75311                                
243 S09J092303841+06335367            9 23  3.84   06 33 53.7 21.28  1  2  0.27130 0.00003  2 10   3.89  0.26083 0.00083 3  0.70875 0.00005  2  3  2 000 110101 4  0   64777  -81206  0.86  20.03 22.39 22.03 140.76600   6.56491                                
244 S09J092244492+06394075            9 22 44.49   06 39 40.7 21.05  0  0 -9.99900 0.00003  0  5   2.80  0.69233 0.00057 2  0.78557 0.00058  2  3  2 000 110101 4  0   87296 -100735  0.09  23.00 99.00 28.39 140.68538   6.66132                                
245 S09J092224625+06470809            9 22 24.62   06 47  8.1 20.89  2  2  0.34265 0.00002  4 10   4.71  0.75973 0.00026 3  0.34264 0.00009  0  5  2 000 110101 4  0  116714 -121246  2.21  19.57 21.50 21.53 140.60260   6.78558                                
246 S09J092151795+06511799            9 21 51.79   06 51 18.0 21.11  1  1  0.17104 0.00002  3 12   3.11  1.71270 0.00106 2  0.56155 0.00003  0  3  2 000 110101 4  0  133476 -154739  1.09  20.31 22.58 22.19 140.46581   6.85500                                
247 S09J092223739+06442305            9 22 23.74   06 44 23.0 21.13  1  5  0.35923 0.00003  3  5   3.78  0.01377 0.00039 3  0.59816 0.00010  0  4  2 000 110101 4  0  105757 -121765  1.10  20.37 22.34 21.90 140.59891   6.73974                                
248 S09J092308356+06352257            9 23  8.36   06 35 22.6 22.02  0  0 -9.99900 0.00003  0  4   3.43  0.08686 0.00027 2  0.41934 0.00028  2  2  2 000 110101 4  0   70648  -76944  0.31  21.57 23.27 23.37 140.78482   6.58960                                
249 S09J092206933+06524161            9 22  6.93   06 52 41.6 20.28  0  0 -9.99900 0.00003  0  4   2.68  0.19153 0.00124 2  0.19153 0.00124  2  2  0 000 110101 4  0  139008 -139739  0.85  20.28 99.00 21.98 140.52889   6.87823                                
251 S09J092143650+06593234            9 21 43.65   06 59 32.3 22.17  0  0 -9.99900 0.00003  0  1   3.27  0.80881 0.00098 2  0.84273 0.00099  2  3  2 000 110101 4  0  167161 -164586  0.44  21.36 99.00 22.98 140.43187   6.99232                                
252 S09J092225936+06491466            9 22 25.94   06 49 14.7 21.17  0  0 -9.99900 0.00003  0  5   4.08  1.20677 0.00101 3  0.73150 0.00102  3  3  2 000 110101 4  0  125163 -120262  0.76  20.92 99.00 22.17 140.60807   6.82074                                
253 S09J092156055+06584361            9 21 56.05   06 58 43.6 21.89  1  1 -0.00089 0.00005  0 10   4.02  0.56890 0.00133 3  0.78615 0.00174  3  3  2 000 110101 4  0  163675 -151787  1.10  20.78 21.93 21.89 140.48356   6.97878  QSO                           
254 S09J092214961+06545197            9 22 14.96   06 54 52.0 21.06  0  0 -9.99900 0.00005  0 10   4.15  0.57190 0.00092 3  0.52809 0.00093  3  3  2 000 110101 4  0  147799 -132057  1.23  19.39 99.00 21.71 140.56234   6.91444                                
255 S09J092251874+06443176            9 22 51.87   06 44 31.8 21.93  4  4  0.43717 0.00004  5 10   3.51  0.56955 0.00156 3  0.43729 0.00010  0  5  2 000 110101 4  0  106508  -94040  0.97  20.69 22.70 22.02 140.71614   6.74216                                
256 S09J092257131+06413894            9 22 57.13   06 41 38.9 21.84  1  1  0.06523 0.00002  2  5   2.97  0.55535 0.00048 2  0.55333 0.00002  2  3  2 000 110101 4  0   95193  -88557  0.85  20.15 24.35 22.11 140.73805   6.69415                                
257 S09J092214524+06583457            9 22 14.52   06 58 34.6 21.52  1  1  0.24672 0.00003  3 12   3.41  2.27358 0.00370 2  0.24686 0.00009  0  4  2 000 110101 4  0  162916 -133130  1.03  20.29 22.12 21.84 140.56052   6.97627                                
258 S09J092321950+06364015            9 23 21.95   06 36 40.1 20.42  3  5  0.21273 0.00001  5 10   4.86  0.59236 0.00022 3  0.59304 0.00002  0  4  2 000 110101 4  0   75897  -63849  3.02  19.49 21.26 20.98 140.84146   6.61115  QSO                           
259 S09J092216087+07014770            9 22 16.09   07  1 47.7 21.63  0  0 -9.99900 0.00001  0 10   4.25  0.60761 0.00061 3  0.60749 0.00062  3  3  2 000 110101 4  0  176114 -132145  0.67  20.70 23.33 22.40 140.56703   7.02992                                
260 S09J092228210+06582481            9 22 28.21   06 58 24.8 21.17  0  0 -9.99900 0.00001  0  4   2.98  0.03696 0.00086 2  0.59288 0.00086  2  3  2 000 110101 4  0  162180 -119399  0.68  21.48 22.90 22.33 140.61754   6.97356                                
261 S09J092228807+07000396            9 22 28.81   07  0  4.0 20.97  1  1  0.41919 0.00002  2 11   2.43  1.31612 0.00432 1  0.86023 0.00003  2  2  2 000 110101 4  0  168935 -119076  1.97  19.79 21.17 21.19 140.62003   7.00110                                
262 S09J092346712+06383492            9 23 46.71   06 38 34.9 20.87  1  1  0.26962 0.00002  3 12   3.09  1.46845 0.00298 2  0.86009 0.00009  0  2  2 000 110101 4  0   83749  -40016  2.71  19.45 21.05 21.06 140.94463   6.64303                                
263 S09J092323036+06412169            9 23 23.04   06 41 21.7 21.21  1  1  0.18764 0.00002  3  3   2.93  0.62158 0.00043 2  0.18768 0.00008  0  2  2 000 110101 4  0   94358  -63260  2.26  19.90 22.24 21.88 140.84598   6.68936                                
265 S09J092231821+07043557            9 22 31.82   07  4 35.6 22.25  1  1  0.17428 0.00005  3 11   5.03  1.72706 0.00211 4  0.70627 0.00006  0  2  2 000 110101 4  0  187547 -116858  1.64  19.98 21.17 21.59 140.63259   7.07655                                
266 S09J092244168+06543449            9 22 44.17   06 54 34.5 21.02  1  2  0.25927 0.00009  3  5   2.37  0.30585 0.00240 1  0.25927 0.00012  2  2  0 000 110101 4  0  146612 -102946  2.57  19.70 20.56 21.05 140.68403   6.90958                                
267 S09J092235898+07061240            9 22 35.90   07  6 12.4 21.30  1  1  0.27473 0.00011  2  4   2.29  0.71138 0.00088 1  0.71169 0.33356  2  3  2 000 110101 4  0  194217 -113067  1.69  19.23 22.50 21.85 140.64957   7.10344                                
268 S09J092346297+06350363            9 23 46.30   06 35  3.6 21.01  1  1  0.14920 0.00005  3 10   2.52  0.25585 0.00100 2  1.02289 0.00008  0  3  2 000 110101 4  0   69972  -40085  1.96  19.80 21.82 21.75 140.94290   6.58434                                
269 S09J092356677+06414129            9 23 56.68   06 41 41.3 21.76  1  1  0.31439 0.00008  3 13   2.81  4.75964 0.00401 2  1.31399 0.00014  0  2  2 000 110101 4  0   96103  -30640  0.78  20.83 23.12 23.30 140.98615   6.69480                                
270 S09J092342064+06433355            9 23 42.06   06 43 33.5 20.46  1  1  0.22968 0.00006  3 10   5.44  0.61141 0.00037 4  0.61174 0.00039  0  4  2 000 110101 4  0  103249  -44986  3.20  19.44 21.04 21.24 140.92527   6.72599                                
271 S09J092246052+07100082            9 22 46.05   07 10  0.8 21.01  2  5  0.55311 0.00006  4  5   3.11  0.55175 0.00037 2  0.55295 0.00012  4  4  2 000 110101 4  0  210047 -103579  1.26  20.19 22.11 21.60 140.69188   7.16689                                
273 S09J092306027+07021404            9 23  6.03   07  2 14.0 22.20  0  0 -9.99900 0.00006  0 11   3.62  1.72468 0.00159 3  0.65699 0.00160  2  3  2 000 110101 4  0  177788  -82438  0.44  21.34 27.04 22.87 140.77511   7.03723                                
274 S09J092258444+07093503            9 22 58.44   07  9 35.0 20.95  1  1  0.18772 0.00003  2 10   3.86  0.61903 0.00046 3  0.61842 0.00006  3  4  2 000 110101 4  0  208201  -91128  1.84  19.99 21.68 21.47 140.74352   7.15973                                
275 S09J092340680+06452147            9 23 40.68   06 45 21.5 20.27  4  8  0.28354 0.00001  5 10   6.35  0.68885 0.00034 4  0.69063 0.00003  0  3  2 000 110101 4  0  110337  -46507  3.61  19.17 20.54 20.56 140.91950   6.75596                                
276 S09J092303147+07110462            9 23  3.15   07 11  4.6 21.97  1  1  0.17001 0.00003  3 11   3.14  1.72265 0.00909 2  0.50364 0.00008  0  2  2 000 110101 4  0  214465  -86678  1.31  20.26 21.67 21.52 140.76311   7.18462                                
277 S09J092330097+06543930            9 23 30.10   06 54 39.3 21.65  3  3  0.55556 0.00003  5 10   3.88  0.15836 0.00018 3  0.55556 0.00011  0  5  0 000 110101 4  0  147221  -57813  0.86  20.31 22.58 21.97 140.87540   6.91092                                
278 S09J092346257+06485134            9 23 46.26   06 48 51.3 20.45  0  0 -9.99900 0.00003  0  1   4.60  0.91260 0.00148 3  1.74639 0.00371  3  3  2 000 110101 4  0  124262  -41421  2.65  19.69 20.99 21.11 140.94274   6.81426  QSO                           
279 S09J092336098+06572118            9 23 36.10   06 57 21.2 21.48  2  7  0.79829 0.00002  4 10   3.47  0.85340 0.00343 2  0.61666 0.00003  0  3  2 000 110101 4  0  158155  -52252  0.71  20.94 22.19 22.40 140.90041   6.95588                                
281 S09J092345383+06515259            9 23 45.38   06 51 52.6 21.10  1  1  0.17395 0.00005  2 13   4.38  4.96679 0.00451 3  0.53723 0.00005  3  4  2 000 110101 4  0  136292  -42585  2.45  19.84 22.55 21.31 140.93910   6.86461                                
282 S09J092325958+07100650            9 23 25.96   07 10  6.5 20.46  1  1  0.02281 0.00004  3  3   2.72  0.59405 0.00084 2  2.76973 0.03003  0  2  2 000 110101 4  0  210407  -63855  4.04  19.11 20.28 20.34 140.85816   7.16847                                
283 S09J092412379+06313114            9 24 12.38   06 31 31.1 20.87  1  1  0.30494 0.00001  3 10   6.22  0.71031 0.00016 4  0.27084 0.00019  0  2  2 000 110101 4  0   56592  -14581  1.80  20.27 21.22 21.52 141.05158   6.52532                                
284 S09J092332771+07094349            9 23 32.77   07  9 43.5 21.12  0  0 -9.99900 0.00001  0  3   2.98  0.88997 0.00091 2  0.39909 0.00092  2  2  2 000 110101 4  0  208848  -57058  1.72  19.98 21.07 21.26 140.88655   7.16208                                
285 S09J092401274+06383435            9 24  1.27   06 38 34.3 20.72  0  0 -9.99900 0.00001  0 13   2.76  4.12809 0.01428 2  0.42441 0.01428  2  2  2 000 110101 4  0   83968  -25904  1.88  19.84 21.70 21.23 141.00531   6.64288                                
286 S09J092343786+07072229            9 23 43.79   07  7 22.3 21.74  0  0 -9.99900 0.00001  0 11   2.71  1.72294 0.00180 2  1.72294 0.00181  2  2  0 000 110101 4  0  199134  -45884  1.33  20.58 21.76 21.60 140.93244   7.12286                                
287 S09J092400849+06481339            9 24  0.85   06 48 13.4 21.37  1  3  0.14558 0.00004  3 14   3.68  6.51909 0.01256 3  0.14599 0.00006  0  2  2 000 110101 4  0  121976  -27193  0.77  20.98 22.29 21.89 141.00354   6.80372                                
288 S09J092359107+06450738            9 23 59.11   06 45  7.4 21.83  1  1  0.02416 0.00007  3 10   3.90  0.80179 0.00061 3  0.80311 0.00062  0  4  2 000 110101 4  0  109677  -28585  0.70  20.76 23.79 22.48 140.99628   6.75205                                
289 S09J092353648+07074654            9 23 53.65   07  7 46.5 20.83  0  0 -9.99900 0.00007  0 10   3.14  0.52849 0.00031 2  0.52878 0.00033  2  4  2 000 110101 4  0  200907  -36213  2.84  19.67 21.54 20.95 140.97353   7.12959                                
290 S09J092416889+06431647            9 24 16.89   06 43 16.5 21.91  0  0 -9.99900 0.00007  0 12   2.74  2.29003 0.00608 2  2.29003 0.00609  2  2  0 000 110101 4  0  102704  -11209  0.35  21.63 23.85 22.84 141.07037   6.72124                                
291 Y09J092349716+06560390            9 23 49.72   06 56  3.9 19.99  0  0 -9.99900 0.00007  0  5   4.29  1.17761 0.00070 3  0.53311 0.00075  3  3  2 000 110101 4  0  153106  -38807  3.19  19.27 21.63 20.89 140.95715   6.93442                                
292 S09J092405095+07020768            9 24  5.09   07  2  7.7 20.78  0  0 -9.99900 0.00007  0 13   2.18  4.13708 0.01322 1  0.81582 0.01322  1  3  2 000 110101 4  0  177880  -24388  1.47  19.82 21.89 21.36 141.02123   7.03547                                
293 S09J092407471+07064896            9 24  7.47   07  6 49.0 22.13  1  1  0.28054 0.00003  2 10   3.72  0.06657 0.00026 3  1.25440 0.00005  2  2  2 000 110101 4  0  197124  -22516  0.40  21.47 99.00 25.85 141.03113   7.11360                                
294 S09J092412095+06580820            9 24 12.09   06 58  8.2 21.24  0  0 -9.99900 0.00003  0  5   4.18  0.00017 0.00162 3  0.36251 0.00162  3  2  2 000 110101 4  0  161806  -17169  0.12  22.85 24.33 23.05 141.05040   6.96894                                
295 S09J092420484+06423714            9 24 20.48   06 42 37.1 21.05  0  0 -9.99900 0.00003  0 12   3.02  2.98603 0.00617 2  0.34475 0.00618  2  2  2 000 110101 4  0  100167   -7664  1.06  20.83 23.30 22.71 141.08535   6.71032                                
296 S09J092416662+07135596            9 24 16.66   07 13 56.0 20.44  0  0 -9.99900 0.00003  0 11   5.32  1.60183 0.00165 4  1.60183 0.00166  4  3  0 000 110101 4  0  226989  -14143  3.30  19.43 20.76 20.83 141.06942   7.23221  QSO                           
297 S09J092419872+07034007            9 24 19.87   07  3 40.1 21.14  1  1  0.27139 0.00002  2  5   3.62  0.69184 0.00068 3  0.49235 0.00069  2  2  2 000 110101 4  0  184386  -10057  0.87  20.69 22.09 22.24 141.08280   7.06113                                
298 S09J092423144+07100366            9 24 23.14   07 10  3.7 20.87  0  0 -9.99900 0.00002  0 11   5.32  1.72575 0.00173 4  1.72575 0.00174  4  3  0 000 110101 4  0  210859   -7411  1.17  20.39 21.69 21.95 141.09643   7.16768  QSO                           
299 S09J092425392+07075694            9 24 25.39   07  7 56.9 21.10  1  1  0.09269 0.00003  3 10   3.61  0.12604 0.00051 3  0.09271 0.00003  0  4  2 000 110101 4  0  202119   -5019  1.27  20.02 21.64 21.90 141.10580   7.13248                                
301 S09J092424696+06574471            9 24 24.70   06 57 44.7 20.49  0  0 -9.99900 0.00003  0  3   4.04  0.56901 0.00055 3  0.56696 0.00056  3  4  2 000 110101 4  0  160442   -4844  2.76  19.32 21.61 21.06 141.10290   6.96242                                
302 S09J092433092+07070786            9 24 33.09   07  7  7.9 21.06  2  2  0.55409 0.00003  4 10   3.26  0.15717 0.00019 2  0.55417 0.00011  0  4  2 000 110101 4  0  198885    2627  1.90  20.08 21.73 21.47 141.13788   7.11885                                
304 S09J092434326+06531270            9 24 34.33   06 53 12.7 20.30  1  1  0.48376 0.00002  0 11   3.99  1.44431 0.00325 3  1.44516 0.00325  2  4  2 000 110101 4  0  142413    4900  1.78  19.83 21.35 21.28 141.14302   6.88686  QSO                           
305 S09J092445617+07122978            9 24 45.62   07 12 29.8 21.70  3  3  0.26593 0.00002  5  1   4.15  1.08135 0.00074 3  0.26568 0.00009  0  5  2 000 110101 4  0  221524   14534  0.57  21.10 22.22 22.54 141.19007   7.20827                                
306 S09J092444517+07031595            9 24 44.52   07  3 15.9 20.96  1  2  0.26716 0.00004  2 10   2.95  0.82264 0.00259 2  0.26716 0.00004  2  2  1 000 110101 4  0  183230   14091  1.99  19.82 20.94 21.14 141.18549   7.05443                                
307 S09J092502989+07041099            9 25  2.99   07  4 11.0 22.37  4  4  0.83996 0.00001  5 10   5.59  0.84049 0.00020 4  0.83996 0.00012  5  5  0 000 110101 4  0  187445   32157  0.45  21.23 24.02 23.29 141.26245   7.06972                                
308 S09J092443733+06594726            9 24 43.73   06 59 47.3 21.54  0  0 -9.99900 0.00001  0 11   2.59  1.01201 0.00269 2  1.00375 0.00270  2  3  2 000 110101 4  0  169101   13585  1.82  19.84 21.33 21.38 141.18222   6.99646                                
309 S09J092456815+07091066            9 24 56.81   07  9 10.7 22.04  0  0 -9.99900 0.00001  0 13   2.56  3.98651 0.00428 2  3.98651 0.00429  2  2  0 000 110101 4  0  207915   25789  0.17  22.18 24.14 23.66 141.23673   7.15296                                
310 S09J092504343+07114103            9 25  4.34   07 11 41.0 21.64  1  1  0.26054 0.00001  3  3   4.04  0.59410 0.00049 3  0.26054 0.00001  0  2  1 000 110101 4  0  218626   33082  0.33  21.63 22.51 22.70 141.26810   7.19473                                
311 S09J092504874+07084327            9 25  4.87   07  8 43.3 21.00  0  0 -9.99900 0.00001  0  3   4.62  0.59400 0.00036 3  0.09174 0.00038  3  4  2 000 110101 4  0  206237   33756  0.73  19.94 22.65 21.99 141.27031   7.14535                                
312 S09J092503420+07015449            9 25  3.42   07  1 54.5 22.14  2  2  0.49851 0.00004  4 11   4.36  1.67914 0.00195 3  0.49851 0.00011  0  5  0 000 110101 4  0  178197   32694  0.58  21.19 23.48 22.53 141.26425   7.03180                                
313 S09J092512817+07112135            9 25 12.82   07 11 21.3 20.88  0  0 -9.99900 0.00004  0  3   3.57  1.08156 0.00103 3  1.15415 0.00104  2  3  2 000 110101 4  0  217482   41463  0.70  20.70 24.29 22.53 141.30340   7.18926                                
314 S09J092452200+06422260            9 24 52.20   06 42 22.6 20.87  1  2  0.30562 0.00003  3  3   2.60  0.57872 0.00103 2  0.47065 0.00012  0  3  2 000 110101 4  0   99846   23048  2.24  19.73 22.24 21.54 141.21750   6.70628                                
315 S09J092443966+06431871            9 24 43.97   06 43 18.7 20.25  1  1  0.10796 0.00004  3 11   2.48  1.71944 0.00267 1  0.95057 0.00007  2  3  2 000 110101 4  0  103361   15010  3.26  19.46 21.24 20.92 141.18319   6.72186                                
316 S09J092528454+07132995            9 25 28.45   07 13 29.9 21.17  0  0 -9.99900 0.00004  0  5   3.44  0.89420 0.00172 2  0.64720 0.00173  2  2  2 000 110101 4  0  227041   56893  0.61  20.97 24.20 22.68 141.36856   7.22499                                
317 S09J092519334+07024259            9 25 19.33   07  2 42.6 22.24  0  0 -9.99900 0.00004  0 11   4.97  1.82652 0.00162 3  0.57060 0.00163  3  2  2 000 110101 4  0  181876   48266  0.50  21.24 24.62 22.70 141.33056   7.04516                                
318 S09J092428747+06360730            9 24 28.75   06 36  7.3 22.27  1  1  0.47790 0.00006  0  3   4.04  0.98984 0.00053 3  0.45552 0.00008  3  3  2 000 110101 4  0   74857     836  0.45  21.22 99.00 24.59 141.11978   6.60203                                
319 S09J092533689+07101397            9 25 33.69   07 10 14.0 20.17  1  2  0.30536 0.00010  2 14   2.86  6.19335 0.00851 2  0.33464 0.00004  2  4  2 000 110101 4  0  213468   62176  2.00  19.18 21.41 21.04 141.39037   7.17055                                
320 S09J092449017+06494831            9 24 49.02   06 49 48.3 21.54  0  0 -9.99900 0.00010  0  5   3.66  0.68759 0.00037 3  0.56602 0.00039  2  3  2 000 110101 4  0  129150   19429  0.93  20.31 22.73 22.17 141.20424   6.83009                                
321 S09J092539166+07104896            9 25 39.17   07 10 49.0 20.41  1  1  0.15606 0.00003  3 11   3.24  1.24505 0.00297 2  0.15606 0.00008  0  4  0 000 110101 4  0  216132   67594  1.24  19.84 21.74 21.83 141.41319   7.18027                                
322 S09J092530541+07025083            9 25 30.54   07  2 50.8 21.86  0  0 -9.99900 0.00003  0 13   3.06  3.63616 0.00330 2  0.51685 0.00331  2  3  2 000 110101 4  0  182779   59273  0.39  21.60 23.19 23.51 141.37725   7.04745                                
323 S09J092418687+06355668            9 24 18.69   06 35 56.7 22.25  1  2  0.30494 0.00002  3 10   2.79  0.49511 0.00019 2  0.14070 0.00004  0  3  2 000 110101 4  0   73970   -8877  0.93  20.90 22.51 22.72 141.07786   6.59908                                
324 S09J092541051+07003086            9 25 41.05   07  0 30.9 20.59  0  0 -9.99900 0.00002  0 10   4.17  0.63752 0.00040 3  0.24599 0.00042  3  2  2 000 110101 4  0  173616   69702  2.41  19.51 20.94 21.00 141.42105   7.00857                                
325 S09J092537679+06565428            9 25 37.68   06 56 54.3 21.52  1  1  0.30285 0.00003  0  5   3.54  0.69092 0.00079 3  0.42145 0.00080  2  3  2 000 110101 4  0  158860   66519  1.11  20.69 22.38 22.32 141.40700   6.94841                                
326 S09J092545938+07003393            9 25 45.94   07  0 33.9 21.30  0  0 -9.99900 0.00003  0  5   3.39  0.73147 0.00053 2  0.73098 0.00054  2  3  2 000 110101 4  0  173991   74525  1.15  20.22 22.91 22.28 141.44141   7.00943                                
327 S09J092539837+06551949            9 25 39.84   06 55 19.5 21.36  1  1  0.18717 0.00008  3  3   3.62  0.59349 0.00053 3  0.59483 0.00011  0  4  2 000 110101 4  0  152544   68701  0.55  21.20 23.54 22.69 141.41599   6.92208                                
328 S09J092543112+06581620            9 25 43.11   06 58 16.2 22.43  3 17  0.59537 0.00001  5  3   5.44  0.92024 0.00067 4  0.34508 0.00001  0  2  2 000 110101 4  0  164554   71807 -0.03  22.83 25.62 22.60 141.42963   6.97117                                
329 S09J092517151+06413127            9 25 17.15   06 41 31.3 20.67  1  2  0.27071 0.00003  2 10   3.09  0.13371 0.00040 2  1.60979 0.00003  2  2  2 000 110101 4  0   97046   47300  2.33  19.84 21.75 21.34 141.32146   6.69202                                
330 S09J092524468+06580929            9 25 24.47   06 58  9.3 22.09  2  2  0.57635 0.00006  4 10   4.17  0.57664 0.00035 3  0.57648 0.00012  4  4  2 000 110101 4  0  163523   53506  0.44  21.51 23.37 22.97 141.35195   6.96925                                
331 S09J092544912+06565414            9 25 44.91   06 56 54.1 22.26  0  0 -9.99900 0.00006  0 11   3.07  1.95075 0.00216 2  0.49143 0.00217  2  3  2 000 110101 4  0  159083   73624  0.40  21.55 23.06 22.79 141.43713   6.94837                                
333 S09J092502397+06335888            9 25  2.40   06 33 58.9 21.57  2  3  0.49822 0.00004  4  2   3.38  0.65042 0.00125 2  0.49824 0.00011  0  4  2 000 110101 4  0   67151   33524  1.22  20.61 21.98 21.94 141.25999   6.56636                                
334 S09J092610597+07004932            9 26 10.60   07  0 49.3 21.99  1  1  0.03811 0.00005  3  2   3.09  0.93864 0.00071 2  0.82751 0.00009  0  3  2 000 110101 4  0  175956   98932  0.58  20.97 23.22 22.98 141.54415   7.01370                                
335 S09J092600112+06532209            9 26  0.11   06 53 22.1 21.04  2  2  0.71139 0.00005  4  4   3.78  1.15270 0.00058 3  0.71097 0.00005  0  3  2 000 110101 4  0  145329   88695  0.03  23.29 99.00 99.00 141.50047   6.88947                                
336 S09J092534210+06481948            9 25 34.21   06 48 19.5 20.32  0  0 -9.99900 0.00005  0 10   3.07  0.12642 0.00116 2  0.83065 0.00116  2  2  2 000 110101 4  0  124408   63526  2.47  19.61 20.92 21.05 141.39254   6.80541                                
337 S09J092616081+06581569            9 26 16.08   06 58 15.7 20.83  1  1  0.28830 0.00004  3  1   2.88  0.57057 0.00082 2  0.28830 0.00004  0  2  0 000 110101 4  0  165712  104402  0.54  21.10 24.10 23.13 141.56700   6.97103                                
338 Y09J092547765+06444611            9 25 47.76   06 44 46.1 18.77  1  3  0.26013 0.00002  3  3   3.73  0.91882 0.00097 3  0.34423 0.00097  0  4  2 000 110101 4  0  110665   76940  8.01  18.15 20.07 19.60 141.44902   6.74614                                
339 Y09J092546058+06541546            9 25 46.06   06 54 15.5 20.16  0  0 -9.99900 0.00002  0  2   4.72  0.59426 0.00072 3  0.59510 0.00073  3  3  2 000 110101 4  0  148449   74849  2.21  19.64 22.67 21.41 141.44191   6.90429                                
340 S09J092602837+06485674            9 26  2.84   06 48 56.7 22.40  0  0 -9.99900 0.00002  0  3   2.69  0.54582 0.00086 2  0.52870 0.00087  2  3  2 000 110101 4  0  127727   91534  0.47  21.35 24.39 22.79 141.51182   6.81576                                
341 S09J092523001+06273865            9 25 23.00   06 27 38.6 20.57  1  1  0.40439 0.00005  3 10   7.51  0.84034 0.00026 5  0.84070 0.00029  0  4  2 000 110101 4  0   42886   53930  2.44  19.46 21.03 20.87 141.34584   6.46074                                
342 S09J092549212+06440287            9 25 49.21   06 44  2.9 20.76  0  0 -9.99900 0.00005  0  3   3.08  0.78465 0.00082 2  0.78332 0.00083  2  3  2 000 110101 4  0  107850   78391  1.78  20.24 22.11 21.80 141.45505   6.73413                                
343 S09J092452387+06333535            9 24 52.39   06 33 35.3 20.22  1  4  0.31591 0.00002  3 12   3.54  1.44258 0.00597 3  1.44258 0.00597  0  2  0 000 110101 4  0   65431   23876  4.64  18.90 20.05 20.04 141.21828   6.55982  QSO                           
344 Y09J092543334+06480309            9 25 43.33   06 48  3.1 20.40  1  1  0.28757 0.00003  3  3   2.97  0.91732 0.00090 2  0.97039 0.00009  0  2  2 000 110101 4  0  123577   72447  4.37  19.14 21.05 20.76 141.43056   6.80086                                
346 S09J092705201+07005387            9 27  5.20   07  0 53.9 21.40  1  3  0.28207 0.00002  3 12   2.97  2.04939 0.00202 2  0.30370 0.00005  0  2  2 000 110101 4  0  178853  153831  0.34  21.28 23.25 22.76 141.77167   7.01496                                
347 S09J092433003+06370152            9 24 33.00   06 37  1.5 20.19  1  5  0.28733 0.00000  3 12   5.06  2.06704 0.00178 4  2.06704 0.00180  0  3  0 000 110101 4  0   78468    4880  4.45  18.99 20.25 20.41 141.13751   6.61709  QSO                           
348 S09J092712444+06592695            9 27 12.44   06 59 26.9 21.31  0  0 -9.99900 0.00000  0 10   3.70  0.72961 0.00089 3  0.55287 0.00090  2  2  2 000 110101 4  0  173246  161156  0.49  21.16 24.93 22.31 141.80185   6.99082                                
351 S09J092612402+06493923            9 26 12.40   06 49 39.2 20.52  1  1  0.27137 0.00010  2 10   4.03  0.70469 0.00051 3  0.70720 0.00013  3  3  2 000 110101 4  0  130864  100944  2.19  19.74 21.54 21.22 141.55168   6.82756                                
353 S09J092705132+06505859            9 27  5.13   06 50 58.6 20.80  3  6  0.78176 0.00000  5  3   4.00  0.89832 0.00086 3  1.07923 0.00006  0  2  2 000 110101 4  0  138248  153520  0.97  20.41 21.20 21.66 141.77138   6.84961                                
354 S09J092730444+06553294            9 27 30.44   06 55 32.9 21.43  1  6  0.33606 0.00003  3 10   2.68  0.16101 0.00101 2  0.33606 0.00009  0  2  0 000 110101 4  0  158168  179476  0.52  20.50 21.83 21.58 141.87685   6.92582  fringed                       
355 S09J092601050+06365764            9 26  1.05   06 36 57.6 21.70  0  0 -9.99900 0.00003  0 11   4.14  1.72397 0.00132 3  0.30490 0.00133  3  3  2 000 110101 4  0   80221   90333  0.72  21.13 22.34 22.16 141.50438   6.61601                                
356 S09J092652145+06480032            9 26 52.14   06 48  0.3 22.32  4 21  0.35907 0.00000  5  9   2.75  0.00318 0.00263 2  0.35907 0.00009  0  2  0 000 110101 4  0  125734  140469  1.44  19.69 22.77 21.66 141.71727   6.80009  fringed                       
357 S09J092612840+06452427            9 26 12.84   06 45 24.3 20.40  1  1  0.28631 0.00033  2 11   3.17  1.72530 0.00225 2  0.28631 0.00033  2  2  1 000 110101 4  0  113941  101509  1.60  19.76 22.29 21.26 141.55350   6.75674                                
358 S09J092443750+06275900            9 24 43.75   06 27 59.0 21.20  1  1  0.12628 0.00004  2 11   4.68  1.72787 0.00202 3  0.98274 0.00007  3  3  2 000 110101 4  0   43413   15980  1.38  20.33 22.33 21.64 141.18229   6.46639                                
359 S09J092527880+06281394            9 25 27.88   06 28 13.9 21.54  0  0 -9.99900 0.00004  0 12   3.80  2.97343 0.00673 3  2.97343 0.00674  2  2  0 000 110101 4  0   45283   58623  0.98  21.30 22.62 22.12 141.36617   6.47054                                
360 S09J092425894+06264455            9 24 25.89   06 26 44.5 21.47  4 21  0.56156 0.00001  5 10   6.08  0.78544 0.00459 4  0.56156 0.00010  0  2  0 000 110101 4  0   38262   -1147  0.45  20.88 22.40 21.95 141.10789   6.44571  fringed                       
361 S09J092734120+06481985            9 27 34.12   06 48 19.8 22.31  0  0 -9.99900 0.00001  0 13   3.70  4.97206 0.00332 3  0.35340 0.00334  2  2  2 000 110101 4  0  128904  183029  0.42  21.50 23.06 22.47 141.89217   6.80551                                
362 S09J092519373+06370332            9 25 19.37   06 37  3.3 20.47  1  2  0.30253 0.00004  3  3   3.34  0.62297 0.00040 2  0.31322 0.00059  0  2  2 000 110101 4  0   79565   49744  2.57  19.68 21.85 21.18 141.33072   6.61759                                
363 S09J092414163+06315975            9 24 14.16   06 31 59.7 22.15  1  1  0.40131 0.00009  3  5   4.40  0.88334 0.00052 3  0.88238 0.00053  0  3  2 000 110101 4  0   58498  -12902  0.99  21.13 22.78 22.42 141.05901   6.53326                                
365 S09J092729776+06463515            9 27 29.78   06 46 35.1 20.25  1  4  0.28620 0.00001  3  4   2.42  0.25806 0.00102 1  0.93790 0.00009  2  2  2 000 110101 4  0  121638  178556  2.57  19.25 20.50 20.69 141.87407   6.77643  fringed                       
366 S09J092706247+06400688            9 27  6.25   06 40  6.9 21.16  0  0 -9.99900 0.00001  0 14   2.93  6.42265 0.01522 2  0.50179 0.01523  2  3  2 000 110101 4  0   94753  154764  1.14  20.64 22.89 21.75 141.77603   6.66858                                
367 S09J092718718+06412210            9 27 18.72   06 41 22.1 20.87  1  1  0.27074 0.00003  2 10   4.47  0.75718 0.00225 3  0.70674 0.00005  3  2  2 000 110101 4  0  100209  167319  2.21  19.95 21.79 21.24 141.82799   6.68947                                
368 S09J092555236+06295540            9 25 55.24   06 29 55.4 21.06  2  3  0.61069 0.00005  4 11   3.10  1.72843 0.00299 2  0.61061 0.00012  0  4  2 000 110101 4  0   52513   85081  1.58  20.81 22.73 21.90 141.48015   6.49872                                
369 Y09J092629273+06375293            9 26 29.27   06 37 52.9 21.66  1  1  0.14667 0.00003  3 12   2.69  1.71724 0.00352 2  1.01872 0.00005  0  2  2 000 110101 4  0   84674  118021  1.52  20.09 22.98 21.91 141.62197   6.63137                                
370 S09J092652727+06352567            9 26 52.73   06 35 25.7 20.16  1  2  0.28615 0.00005  3  5   3.63  0.89165 0.00218 3  0.46273 0.00009  0  4  2 000 110101 4  0   75713  141384  2.68  19.97 21.82 21.18 141.71970   6.59046                                
371 S09J092757288+06420800            9 27 57.29   06 42  8.0 20.40  1  1  0.27090 0.00003  2 10   2.81  0.04939 0.00048 2  0.29557 0.00003  2  3  2 000 110101 4  0  104948  206912  1.01  20.26 22.47 21.74 141.98870   6.70222                                
374 S09J092410710+06285274            9 24 10.71   06 28 52.7 21.30  0  0 -9.99900 0.00003  0 11   4.96  1.72403 0.00191 3  0.82673 0.00192  3  2  2 000 110101 4  0   46287  -15971  1.15  20.52 22.42 21.92 141.04462   6.48132                                
375 S09J092545134+06245138            9 25 45.13   06 24 51.4 21.14  1  2  0.31978 0.00004  3 11   4.40  1.72452 0.00141 3  0.31978 0.00004  0  4  2 000 110101 4  0   32515   75608  1.32  20.35 21.79 21.47 141.43806   6.41427                                
376 S09J092601215+06284007            9 26  1.21   06 28 40.1 20.77  1  1  0.28537 0.00004  3 11   5.30  1.06696 0.00166 4  1.06696 0.00166  0  3  0 000 110101 4  0   47743   91013  2.31  19.79 20.77 20.90 141.50506   6.47780  QSO                           
378 S09J092633435+06254979            9 26 33.43   06 25 49.8 20.08  1  3  0.27154 0.00002  3 14   2.52  3.60679 0.01491 2  1.23855 0.00004  0  2  2 000 110101 4  0   37439  122820  1.63  19.72 22.83 21.58 141.63931   6.43050  fringed                       
381 S09J092612351+06245376            9 26 12.35   06 24 53.8 22.18  1  1  0.14903 0.00004  2 13   3.71  3.72746 0.00278 3  0.14904 0.00004  2  3  2 000 110101 4  0   33287  102166  0.28  21.87 23.39 22.61 141.55146   6.41493                                
382 S09J092710043+06280198            9 27 10.04   06 28  2.0 21.47  0  0 -9.99900 0.00004  0  5   2.88  0.88894 0.00063 2  0.33142 0.00064  2  2  2 000 110101 4  0   47055  159082  0.67  20.82 21.91 21.83 141.79185   6.46722                                
383 S09J092603091+06214536            9 26  3.09   06 21 45.4 21.59  1  1  0.27080 0.00003  2  1   3.90  0.62234 0.00052 3  0.70683 0.00004  2  2  2 000 110101 4  0   20838   93334  1.30  20.59 22.80 21.75 141.51288   6.36260                                
387 S09J092643843+06241326            9 26 43.84   06 24 13.3 21.20  1  2  0.33233 0.00006  2 11   4.32  1.53292 0.00214 3  0.30460 0.00004  3  2  2 000 110101 4  0   31379  133214  1.28  20.78 22.08 21.67 141.68268   6.40368                                
389 S09J092730808+06250696            9 27 30.81   06 25  7.0 20.39  1  1  0.24020 0.00006  3 10   3.24  0.62626 0.00046 2  0.24050 0.00010  0  4  2 000 110101 4  0   36140  180207  1.41  20.28 21.67 21.34 141.87837   6.41860                                
391 S09J092807629+06243334            9 28  7.63   06 24 33.3 21.32  0  0 -9.99900 0.00006  0  1   2.84  0.98214 0.00079 2  0.36585 0.00080  2  3  2 000 110101 4  0   34977  218146  0.34  21.55 24.49 22.55 142.03179   6.40926                                
393 S09J092717791+06230082            9 27 17.79   06 23  0.8 21.48  0  0 -9.99900 0.00006  0 12   3.49  2.89775 0.01136 2  2.89775 0.01136  2  2  0 000 110101 4  0   27492  167193  0.37  21.63 22.47 22.18 141.82413   6.38356  fringed                       
395 S09J092646907+06185638            9 26 46.91   06 18 56.4 21.19  1  1  0.28048 0.00002  2 10   2.67  0.52961 0.00146 2  0.74322 0.00146  2  3  2 000 110101 4  0   10764  136653  1.39  20.64 22.19 21.78 141.69545   6.31566                                
397 S09J092756536+06184058            9 27 56.54   06 18 40.6 21.41  0  0 -9.99900 0.00002  0  1   3.16  0.06903 0.00029 2  0.06903 0.00030  2  2  0 000 110101 4  0   11312  207037  0.41  21.55 22.52 22.53 141.98557   6.31127                                
398 S09J092750261+06192419            9 27 50.26   06 19 24.2 21.11  0  0 -9.99900 0.00002  0  9   4.27  0.00154 0.00073 3  0.00154 0.00073  3  2  0 000 110101 4  0   14048  200508  1.42  20.60 22.20 21.91 141.95942   6.32339                                
399 S09J092705831+06183807            9 27  5.83   06 18 38.1 20.61  1  1  0.27074 0.00002  2 10   3.15  0.52069 0.00062 2  0.52069 0.00063  2  2  0 000 110101 4  0    9998  155518  0.82  20.91 22.25 22.24 141.77430   6.31058                                
