# Crcor version 090914 run at Tue Feb  1 20:24:20 2011  by tmd  in MAN  mode on data set r03f18s01_110113_BR_ss.fits config file: 1101_r03f18s01_p0.sds
# Heliocentric vel corr = -26.55 km/s; mean S/N =  0.77; mag-counts offset =  0.54 mags.
# Redshift quality > 2 for 122 out of 336 targets, a success rate of 0.36
#Fib     Object                        RA   (2000)   dec      Rmag neb neg   ze    ze_err  qe temp xcor   zx     zx_err qx   z_fin  zf_err  qa qop f fld  date ccd pl x_posn  y_posn  S/N   spmag  vsp   rsp   RA(deg)   dec(deg)   comments
  1 S03J030348438-06472631            3  3 48.44  -06 47 26.3 21.61  2  2  0.61461 0.00006  4  4   3.41  0.08382 0.00153 2  0.61462 0.00019  0  4  2 000 110113 4  0    -167  195620  0.61  20.62 20.84 21.22  45.95182  -6.79064                                
  2 S03J030223443-06472971            3  2 23.44  -06 47 29.7 21.79  3  4  0.34686 0.00002  5  5   3.21  0.88599 0.00211 2  0.34680 0.00015  0  4  2 000 110113 4  0   -1907  110614  0.24  21.97 21.49 22.53  45.59768  -6.79159                                
  3 S03J030318639-06484499            3  3 18.64  -06 48 45.0 21.80  1  3  0.67312 0.00004  3  8   6.82  0.08594 0.00099 4  0.67279 0.00019  0  4  2 000 110113 4  0   -5849  165494  0.15  22.11 21.03 22.36  45.82766  -6.81250                                
  4 S03J030238526-06484401            3  2 38.53  -06 48 44.0 21.74  0  0 -9.99900 0.00004  0  4   4.60  0.08331 0.00080 3  0.08331 0.00081  3  1  0 000 110113 4  0   -6475  125552  0.38  20.95 20.56 20.88  45.66052  -6.81223                                
  5 S03J030247235-06481434            3  2 47.23  -06 48 14.3 22.02  1  3  1.10715 0.00005  3  4   5.05  0.08507 0.00053 4  0.95412 0.00010  0  2  2 000 110113 4  0   -4400  134118  0.34  22.01 21.70 22.48  45.69681  -6.80398                                
  6 S03J030325913-06510835            3  3 25.91  -06 51  8.3 21.20  0  0 -9.99900 0.00005  0  3   2.85  0.30962 0.00217 2  0.59009 0.00217  2  2  2 000 110113 4  0  -15148  173022  0.61  20.67 20.56 22.09  45.85797  -6.85232                                
  7 S03J030150594-06491401            3  1 50.59  -06 49 14.0 21.93  4  7  0.43814 0.00002  5  1   5.17  0.89933 0.00139 4  0.43817 0.00016  0  4  2 000 110113 4  0   -9274   78669  0.99  20.45 20.57 21.62  45.46081  -6.82056                                
  8 S03J030301742-06503977            3  3  1.74  -06 50 39.8 21.71  2  3  0.63553 0.00004  4 15   4.38  0.63453 0.00057 3  0.63545 0.00018  4  4  2 000 110113 4  0  -13655  148723  0.69  20.61 20.60 21.36  45.75726  -6.84438                                
  9 S03J030326438-06524465            3  3 26.44  -06 52 44.6 21.07  1  1  0.66506 0.00005  3  4   4.39  0.08460 0.00046 3  1.04501 0.00004  0  2  2 000 110113 4  0  -21466  173700  0.53  17.58 20.91 16.93  45.86016  -6.87907                                
 10 S03J030219122-06512864            3  2 19.12  -06 51 28.6 22.07  1  2  0.49572 0.00003  3 15   3.27  0.63197 0.00145 2  0.49572 0.00017  0  1  0 000 110113 4  0  -17518  106681  0.70  20.44 20.41 21.17  45.57968  -6.85796                                
 11 S03J030318279-06541490            3  3 18.28  -06 54 14.9 21.21  2  2  0.75332 0.00007  4  3   3.24  0.89847 0.00144 2  0.75332 0.00007  0  3  0 000 110113 4  0  -27517  165610  0.37  21.46 21.62 24.20  45.82616  -6.90414                                
 12 S03J030220536-06521627            3  2 20.54  -06 52 16.3 21.57  1  2  0.82174 0.00002  3  1   3.27  0.88619 0.00380 2  0.57555 0.00009  0  3  2 000 110113 4  0  -20607  108143  0.55  20.79 20.91 22.22  45.58557  -6.87119                                
 13 S03J030242658-06540213            3  2 42.66  -06 54  2.1 21.05  4  6  0.64822 0.00001  5 16   4.64  0.55605 0.00042 3  0.64762 0.00018  0  4  2 000 110113 4  0  -27172  130078  1.39  19.76 20.65 21.52  45.67774  -6.90059                                
 14 S03J030224270-06560835            3  2 24.27  -06 56  8.3 21.19  0  0 -9.99900 0.00001  0 16   2.99  0.13294 0.00033 2  0.13294 0.00036  2  1  0 000 110113 4  0  -35675  112153  0.72  20.41 20.71 21.96  45.60113  -6.93565                                
 15 S03J030218137-06533200            3  2 18.14  -06 53 32.0 21.45  0  0 -9.99900 0.00001  0  3   3.34  1.09575 0.00130 2  1.09575 0.00132  2  1  0 000 110113 4  0  -25581  105903  0.37  21.02 20.99 22.07  45.57557  -6.89222                                
 16 S03J030155036-06511001            3  1 55.04  -06 51 10.0 22.34  2  2  0.70338 0.00003  4  5   3.84  0.26905 0.00037 3  0.70328 0.00019  0  3  2 000 110113 4  0  -16729   83147  0.21  21.61 21.35 99.00  45.47932  -6.85278                                
 17 S03J030331779-06591651            3  3 31.78  -06 59 16.5 21.28  1  1  0.12860 0.00004  3  5   3.33  1.21218 0.00195 2  0.47933 0.00005  0  2  2 000 110113 4  0  -47227  179774  0.30  21.02 20.84 22.03  45.88241  -6.98792                                
 18 S03J030216480-06540297            3  2 16.48  -06 54  3.0 21.70  1  1  0.53668 0.00002  3 15   3.75  0.26665 0.00053 3  0.14412 0.00002  0  1  2 000 110113 4  0  -27605  104316  0.27  21.87 21.63 23.91  45.56867  -6.90083                                
 19 S03J030314377-06593356            3  3 14.38  -06 59 33.6 21.62  1  1  0.33701 0.00004  3 17   4.93  0.11067 0.00194 3  0.42357 0.00015  0  1  2 000 110113 4  0  -48514  162239  0.26  21.39 21.10 22.67  45.80990  -6.99266                                
 20 S03J030249929-06582284            3  2 49.93  -06 58 22.8 21.38  1  3  0.76202 0.00003  3  2   4.23  0.33172 0.00137 3  0.57447 0.00005  0  2  2 000 110113 4  0  -44123  137694  0.55  20.61 20.29 21.66  45.70804  -6.97301                                
 21 S03J030350943-07041446            3  3 50.94  -07  4 14.5 21.23  0  0 -9.99900 0.00003  0  5   3.54  1.21266 0.00256 3  1.21266 0.00257  2  1  0 000 110113 4  0  -66867  199988  0.19  21.92 21.62 22.19  45.96226  -7.07068                                
 22 S03J030250247-06591786            3  2 50.25  -06 59 17.9 22.45  1  1  0.13959 0.00004  3 15   3.66  0.32439 0.00092 3  0.13959 0.00004  0  1  0 000 110113 4  0  -47723  138099  0.23  21.83 21.89 22.94  45.70936  -6.98829                                
 23 S03J030407376-07074341            3  4  7.38  -07  7 43.4 21.25  0  0 -9.99900 0.00004  0  5   3.40  1.19731 0.00153 2  1.19754 0.00155  2  1  2 000 110113 4  0  -80832  217586  0.50  21.06 21.20 22.09  46.03073  -7.12873                                
 24 S03J030138928-06531516            3  1 38.93  -06 53 15.2 20.34  1  2  0.13955 0.00006  3  5   3.11  0.91875 0.00201 2  0.13955 0.00014  0  1  0 000 110113 4  0  -25122   67670  1.49  19.65 20.54 20.58  45.41220  -6.88754                                
 25 S03J030208568-06565898            3  2  8.57  -06 56 59.0 21.61  3 12  0.79765 0.00001  5  4   3.63  0.31967 0.00124 3  0.66797 0.00004  0  1  2 000 110113 4  0  -39192   96832  0.99  19.71 20.24 20.60  45.53570  -6.94972                                
 26 S03J030300571-07033036            3  3  0.57  -07  3 30.4 21.65  1  4  0.13979 0.00005  3  5   5.00  1.07930 0.00191 3  0.22469 0.00004  0  3  2 000 110113 4  0  -64230  148854  0.41  21.09 21.19 23.02  45.75238  -7.05843                                
 27 S03J030246123-07023558            3  2 46.12  -07  2 35.6 22.23  2  3  0.57448 0.00003  4 17   3.30  0.46763 0.00086 2  0.57453 0.00017  0  3  2 000 110113 4  0  -60746  134338  0.31  21.18 20.64 99.00  45.69218  -7.04322                                
 28 S03J030346123-07100726            3  3 46.12  -07 10  7.3 21.14  0  0 -9.99900 0.00003  0 16   3.66  0.29395 0.00052 3  0.29395 0.00053  2  1  0 000 110113 4  0  -90409  195901  0.13  22.52 21.76 25.48  45.94218  -7.16868                                
 29 S03J030256680-07041649            3  2 56.68  -07  4 16.5 21.65  0  0 -9.99900 0.00003  0 15   8.10  0.44483 0.00025 5  0.33765 0.00029  5  1  2 000 110113 4  0  -67281  145038  0.39  21.33 21.39 23.03  45.73617  -7.07125                                
 30 S03J030216800-07002098            3  2 16.80  -07  0 21.0 22.16  1  3  0.19023 0.00009  3 15   4.36  0.51146 0.00278 3  1.09565 0.00016  0  2  2 000 110113 4  0  -52263  105223  0.17  21.73 21.13 24.87  45.57000  -7.00583                                
 31 S03J030311195-07075798            3  3 11.19  -07  7 58.0 21.70  4  6  0.64395 0.00002  5  3   6.63  0.00629 0.00125 4  0.64395 0.00018  0  4  2 000 110113 4  0  -81836  160046  0.30  20.66 21.62 99.00  45.79665  -7.13277                                
 32 S03J030349945-07150511            3  3 49.94  -07 15  5.1 21.63  1  1  0.30693 0.00005  3  4   3.32  0.30881 0.00245 2  0.64588 0.00015  2  2  2 000 110113 4  0 -110456  200674  0.51  20.44 20.30 21.07  45.95810  -7.25142                                
 33 S03J030133275-06561118            3  1 33.27  -06 56 11.2 21.44  4 15  0.35838 0.00001  5 16   4.13  0.68309 0.00153 3  0.28164 0.00002  0  1  2 000 110113 4  0  -36635   62432  0.92  19.96 20.66 21.48  45.38865  -6.93644                                
 35 S03J030343439-07170288            3  3 43.44  -07 17  2.9 20.84  2  2  0.09445 0.00002  4  5   3.81  0.06858 0.00028 3  0.09448 0.00012  0  3  2 000 110113 4  0 -118363  194295  0.32  21.53 21.16 22.45  45.93100  -7.28413                                
 36 S03J030241044-07080508            3  2 41.04  -07  8  5.1 21.10  1  1  0.31578 0.00002  3  3   3.19  0.68842 0.00143 2  0.41524 0.00002  0  2  2 000 110113 4  0  -82472  129950  0.56  21.04 21.17 22.03  45.67102  -7.13474                                
 37 S03J030057478-06460497            3  0 57.48  -06 46  5.0 20.99  0  0 -9.99900 0.00002  0  3   3.85  0.91715 0.00096 3  0.38163 0.00098  2  2  2 000 110113 4  0    2000   27020  0.49  20.97 21.30 21.73  45.23949  -6.76805                                
 38 S03J030236992-07085257            3  2 36.99  -07  8 52.6 21.98  0  0 -9.99900 0.00002  0 17   6.41  0.28926 0.00092 4  0.66727 0.00093  4  2  2 000 110113 4  0  -85644  126029 -0.03  99.00 24.69 99.00  45.65413  -7.14794                                
 39 S03J030229747-07082995            3  2 29.75  -07  8 29.9 21.49  1  1  0.53168 0.00006  3 15   3.41  0.26948 0.00150 2  0.14040 0.00004  0  1  2 000 110113 4  0  -84198  118825 -0.14  99.00 99.00 99.00  45.62395  -7.14165                                
 40 S03J030232538-07095042            3  2 32.54  -07  9 50.4 21.16  0  0 -9.99900 0.00006  0  5   5.32  0.97572 0.00177 4  0.34710 0.00178  4  1  2 000 110113 4  0  -89493  121744 -0.03  99.00 99.00 23.38  45.63557  -7.16401                                
 41 S03J030151621-07035763            3  1 51.62  -07  3 57.6 22.14  1  1  1.21679 0.00007  3 17   3.24  0.10543 0.00134 2  0.25918 0.00004  0  2  2 000 110113 4  0  -66745   80954  0.05  99.00 99.00 23.17  45.46509  -7.06601                                
 43 S03J030155377-07031525            3  1 55.38  -07  3 15.2 21.91  0  0 -9.99900 0.00007  0 15   3.06  0.32585 0.00085 2  0.32585 0.00086  2  1  0 000 110113 4  0  -63950   84548  0.12  26.02 22.10 22.81  45.48074  -7.05424                                
 44 S03J030203084-07063308            3  2  3.08  -07  6 33.1 22.05  1  2  0.32535 0.00003  3  1   3.75  0.46693 0.00142 3  0.47876 0.00015  0  3  2 000 110113 4  0  -76793   92405 -0.09  99.00 99.00 22.92  45.51285  -7.10919                                
 45 S03J030201511-07084296            3  2  1.51  -07  8 43.0 21.41  0  0 -9.99900 0.00003  0 15   3.54  0.32301 0.00055 3  0.32301 0.00057  2  1  0 000 110113 4  0  -85326   91098  0.21  22.43 22.31 21.81  45.50630  -7.14527                                
 46 S03J030125995-07002401            3  1 25.99  -07  0 24.0 21.72  2  4  0.17971 0.00004  4  2   5.00  0.46403 0.00116 4  0.56960 0.00004  0  4  2 000 110113 4  0  -53202   55717  0.11  99.00 23.64 22.34  45.35831  -7.00667                                
 47 S03J030036131-06514526            3  0 36.13  -06 51 45.3 21.34  1  2  0.05316 0.00002  3 17   3.16  0.29053 0.00114 2  0.54454 0.00012  0  2  2 000 110113 4  0  -20418    6873  0.23  21.66 22.86 21.94  45.15055  -6.86257                                
 48 S03J030223083-07135111            3  2 23.08  -07 13 51.1 21.86  1  1  0.53238 0.00002  3 17   3.68  0.27658 0.00037 3  0.54865 0.00002  0  1  2 000 110113 4  0 -105468  112888 -0.18  99.00 99.00 23.26  45.59618  -7.23086                                
 49 S03J030246378-07200513            3  2 46.38  -07 20  5.1 21.60  0  0 -9.99900 0.00002  0  9   6.02  0.05974 0.00142 4  1.25044 0.00143  4  1  2 000 110113 4  0 -130369  136918 -0.04  99.00 99.00 99.00  45.69324  -7.33476                                
 51 S03J030211207-07131801            3  2 11.21  -07 13 18.0 21.14  0  0 -9.99900 0.00002  0 17   3.63  0.10886 0.00160 3  0.38304 0.00160  2  1  2 000 110113 4  0 -103372  101120  0.25  22.01 21.23 22.71  45.54670  -7.22167                                
 52 S03J030303854-07290891            3  3  3.85  -07 29  8.9 22.12  0  0 -9.99900 0.00002  0 17   3.47  0.29338 0.00133 2  0.29338 0.00134  2  1  0 000 110113 4  0 -167429  156145 -0.30  99.00 99.00 99.00  45.76606  -7.48581                                
 53 S03J030215420-07162955            3  2 15.42  -07 16 29.5 21.83  1  2  0.92818 0.00007  3 16   3.40  0.88183 0.00091 2  0.68883 0.00009  0  1  2 000 110113 4  0 -116033  105656 -0.16  99.00 99.00 99.00  45.56425  -7.27487                                
 54 S03J030250602-07272704            3  2 50.60  -07 27 27.0 21.49  1  1  0.28797 0.00002  3 15   3.92  0.51076 0.00063 3  0.28797 0.00002  0  1  0 000 110113 4  0 -160297  142368 -0.45  99.00 99.00 99.00  45.71084  -7.45751                                
 55 S03J030206563-07161286            3  2  6.56  -07 16 12.9 21.97  0  0 -9.99900 0.00002  0 15   3.18  0.49938 0.00086 2  0.45320 0.00088  2  2  2 000 110113 4  0 -114986   96903 -0.18  99.00 23.00 99.00  45.52735  -7.27024                                
 56 S03J030142541-07095655            3  1 42.54  -07  9 56.5 21.34  3  5  0.67330 0.00003  5  5   3.76  0.99872 0.00145 3  0.67345 0.00018  0  4  2 000 110113 4  0  -90370   72695  0.47  21.38 21.66 22.27  45.42725  -7.16571                                
 57 S03J030212337-07195676            3  2 12.34  -07 19 56.8 21.73  2  3  0.49703 0.00002  4  8   7.51  0.06797 0.00085 5  0.49706 0.00016  0  3  2 000 110113 4  0 -129850  103086  0.39  21.51 23.28 99.00  45.55140  -7.33243                                
 58 S03J030246431-07312634            3  2 46.43  -07 31 26.3 21.91  1  1  0.65696 0.00003  3 15   3.81  0.51722 0.00090 3  0.56126 0.00004  0  3  2 000 110113 4  0 -176698  138930 -0.10  99.00 24.13 99.00  45.69346  -7.52398                                
 59 S03J030239931-07304075            3  2 39.93  -07 30 40.7 21.36  2  3  0.62932 0.00006  4 17   4.64  0.49744 0.00261 3  0.62940 0.00019  0  4  2 000 110113 4  0 -173515  132245  0.09  24.33 21.97 23.13  45.66638  -7.51132                                
 60 S03J030054464-06531389            3  0 54.46  -06 53 13.9 20.89  1  1  0.33920 0.00003  3 15   4.76  0.66474 0.00063 3  0.75538 0.00004  0  1  2 000 110113 4  0  -25819   24662  1.08  20.00 21.28 21.31  45.22693  -6.88719                                
 61 S03J030149933-07141817            3  1 49.93  -07 14 18.2 20.60  1  3  0.78562 0.00002  3 15   3.47  0.27351 0.00040 2  0.49334 0.00006  0  3  2 000 110113 4  0 -107533   80380  0.84  20.36 21.00 21.79  45.45805  -7.23838                                
 62 S03J030157713-07185701            3  1 57.71  -07 18 57.0 20.96  1  2  0.18526 0.00003  3 16   3.66  0.17019 0.00035 3  0.66594 0.00012  0  3  2 000 110113 4  0 -125955   88548  0.43  21.57 23.61 23.69  45.49047  -7.31584                                
 63 S03J030155087-07193549            3  1 55.09  -07 19 35.5 21.19  1  2  0.14163 0.00002  3 15   3.70  0.13994 0.00093 3  0.55724 0.00002  2  3  2 000 110113 4  0 -128544   86037  0.41  21.52 21.59 21.84  45.47953  -7.32653                                
 64 S03J030220929-07311310            3  2 20.93  -07 31 13.1 20.81  2  3  0.60438 0.00006  4  5   3.08  1.24868 0.00193 2  0.60435 0.00019  0  4  2 000 110113 4  0 -175631  113290  0.60  20.95 21.15 22.35  45.58720  -7.52031                                
 65 S03J030057527-07052626            3  0 57.53  -07  5 26.3 21.02  1  1  1.14457 0.00004  3  1   4.19  0.18726 0.00160 3  0.34240 0.00003  0  2  2 000 110113 4  0  -73353   28638  0.45  21.10 20.92 22.20  45.23970  -7.09063                                
 66 S03J030139829-07174304            3  1 39.83  -07 17 43.0 22.43  1  3  0.19737 0.00009  3 16   4.35  0.68961 0.00060 3  0.60834 0.00009  0  2  2 000 110113 4  0 -121206   70879  0.10  25.71 24.56 22.36  45.41595  -7.29529                                
 67 S03J030224997-07380553            3  2 25.00  -07 38  5.5 21.91  1  1  0.69167 0.00006  3  8   3.48  0.03282 0.00164 2  0.69156 0.00019  0  3  2 000 110113 4  0 -204241  118589  0.43  21.37 21.51 24.39  45.60415  -7.63487                                
 68 S03J030122228-07111611            3  1 22.23  -07 11 16.1 22.20  2  4  0.73908 0.00003  4 15   4.19  0.14565 0.00064 3  0.73908 0.00019  0  3  2 000 110113 4  0  -95881   53077  0.02  26.80 21.51 99.00  45.34262  -7.18781                                
 69 S03J030041408-06540098            3  0 41.41  -06 54  1.0 21.65  1  2  0.59038 0.00003  3  8   4.63  0.06581 0.00134 3  0.74886 0.00013  0  3  2 000 110113 4  0  -29113   12144  0.80  20.75 20.91 21.74  45.17253  -6.90027                                
 70 S03J030128805-07185498            3  1 28.80  -07 18 55.0 21.25  2  2  0.47066 0.00005  4  5   4.34  1.24493 0.00124 3  0.47062 0.00017  0  4  2 000 110113 4  0 -126093   60244  0.22  22.10 21.96 22.50  45.37002  -7.31527                                
 71 S03J030201015-07352498            3  2  1.01  -07 35 25.0 21.89  4 10  0.50625 0.00001  5  3   4.65  0.38278 0.00099 3  0.50623 0.00016  0  4  2 000 110113 4  0 -192917   94106 -0.28  99.00 21.73 99.00  45.50423  -7.59027  fringed                       
 72 S03J030202822-07380743            3  2  2.82  -07 38  7.4 21.34  1  1  0.31350 0.00003  3  5   3.70  1.07074 0.00107 3  0.72262 0.00003  0  2  2 000 110113 4  0 -204224   96364  0.61  21.23 21.97 22.39  45.51176  -7.63540                                
 73 S03J030149998-07315559            3  1 50.00  -07 31 55.6 21.33  1  1  0.07521 0.00008  3 15   3.91  0.32621 0.00082 3  0.89299 0.00014  0  3  2 000 110113 4  0 -178530   82674  0.14  22.85 22.49 23.73  45.45833  -7.53211                                
 74 S03J030146828-07322007            3  1 46.83  -07 32 20.1 22.46  1  1  0.53987 0.00013  3 17   4.03  0.45243 0.00652 3  0.19957 0.00010  0  1  2 000 110113 4  0 -180223   79576  0.10  23.84 21.75 22.92  45.44512  -7.53891                                
 75 S03J030136945-07265491            3  1 36.94  -07 26 54.9 21.81  0  0 -9.99900 0.00013  0 15   3.14  0.14535 0.00114 2  0.69514 0.00114  2  2  2 000 110113 4  0 -158149   69135  0.03  25.58 21.90 26.27  45.40394  -7.44859                                
 76 S03J030103611-07084110            3  1  3.61  -07  8 41.1 21.15  0  0 -9.99900 0.00013  0  5   5.25  0.90073 0.00193 4  0.74834 0.00194  4  2  2 000 110113 4  0  -85998   34779  0.18  22.08 21.41 22.08  45.26505  -7.14475                                
 77 S03J030153037-07423255            3  1 53.04  -07 42 32.5 21.83  1  6  0.13210 0.00003  3 16   4.38  0.30577 0.00075 3  0.83264 0.00003  0  1  2 000 110113 4  0 -222831   87349  0.84  19.95 20.54 21.11  45.47099  -7.70904                                
 78 S03J030116212-07201406            3  1 16.21  -07 20 14.1 22.43  1  2  0.32951 0.00005  3 17   4.56  0.28903 0.00093 3  0.64267 0.00015  0  3  2 000 110113 4  0 -131510   48112  0.06  26.20 25.70 99.00  45.31755  -7.33724                                
 79 S03J030118785-07245609            3  1 18.78  -07 24 56.1 22.26  1  3  0.23389 0.00003  3  5   3.51  1.24397 0.00424 3  0.61739 0.00004  0  2  2 000 110113 4  0 -150313   51119 -0.01  22.36 21.93 21.99  45.32827  -7.41558                                
 80 S03J030100625-07134165            3  1  0.62  -07 13 41.6 22.05  1  3  1.06935 0.00008  3  4   3.77  0.08538 0.00347 3  0.62890 0.00005  0  2  2 000 110113 4  0 -105763   32340  0.16  22.29 22.79 23.17  45.25260  -7.22824                                
 81 S03J030105049-07144016            3  1  5.05  -07 14 40.2 21.62  0  0 -9.99900 0.00008  0  2   3.39  0.07565 0.00342 2  0.07565 0.00342  2  1  0 000 110113 4  0 -109545   36719  0.14  22.28 99.00 24.72  45.27104  -7.24449                                
 82 S03J030122327-07314637            3  1 22.33  -07 31 46.4 21.60  4 14  0.68284 0.00001  5  9   4.47  0.02143 0.00603 3  0.83261 0.00001  0  1  2 000 110113 4  0 -178057   55378  0.11  25.65 22.65 23.27  45.34303  -7.52955                                
 83 S03J030114405-07252084            3  1 14.40  -07 25 20.8 22.17  2  2  0.35222 0.00003  4 16   2.87  0.67467 0.00079 2  0.35216 0.00015  0  4  2 000 110113 4  0 -152040   46897 -0.15  99.00 99.00 99.00  45.31002  -7.42246                                
 84 S03J030049552-07092480            3  0 49.55  -07  9 24.8 21.63  1  1  0.15349 0.00005  3 16   3.48  0.69248 0.00089 2  0.15362 0.00007  0  2  2 000 110113 4  0  -89087   21257  0.55  21.66 99.00 21.73  45.20647  -7.15689                                
 85 S03J030115311-07365826            3  1 15.31  -07 36 58.3 21.55  1  1  0.10060 0.00004  3 17   3.85  0.09760 0.00157 3  0.44256 0.00005  0  4  2 000 110113 4  0 -199530   49091  0.53  21.41 21.93 22.47  45.31380  -7.61618                                
 86 S03J030103318-07245898            3  1  3.32  -07 24 59.0 22.41  1  1  0.66631 0.00001  3  2   4.91  0.20221 0.00923 3  0.58804 0.00001  0  2  2 000 110113 4  0 -150697   36011 -0.04  23.45 22.77 99.00  45.26382  -7.41638                                
 87 S03J030053820-07183898            3  0 53.82  -07 18 39.0 21.58  1  2  0.33449 0.00002  3 17   3.66  0.11511 0.00093 3  0.62934 0.00010  0  3  2 000 110113 4  0 -125512   26181  0.74  20.78 21.58 22.93  45.22425  -7.31083                                
 88 S03J030047035-07121814            3  0 47.03  -07 12 18.1 21.84  0  0 -9.99900 0.00002  0 15   4.93  0.63059 0.00042 3  0.21745 0.00045  3  2  2 000 110113 4  0 -100479   19043  0.47  21.06 21.36 22.45  45.19598  -7.20504                                
 89 S03J030052566-07052601            3  0 52.57  -07  5 26.0 21.15  0  0 -9.99900 0.00002  0  1   3.61  1.07304 0.00165 3  0.36792 0.00167  2  2  2 000 110113 4  0  -73432   23821  1.23  20.21 21.13 21.25  45.21903  -7.09056                                
 90 S03J030044540-07142537            3  0 44.54  -07 14 25.4 21.51  0  0 -9.99900 0.00002  0 15   3.97  0.14891 0.00046 3  0.41623 0.00047  2  2  2 000 110113 4  0 -108888   16818  0.31  21.81 22.22 22.74  45.18558  -7.24038                                
 91 S03J030057501-07382095            3  0 57.50  -07 38 20.9 21.47  1  3  1.15371 0.00003  3 17   4.07  0.11568 0.00187 3  0.48993 0.00009  0  3  2 000 110113 4  0 -205458   31697  0.65  20.79 21.45 21.62  45.23959  -7.63915                                
 92 S03J030048400-07295563            3  0 48.40  -07 29 55.6 21.56  1  2  0.14278 0.00003  3 15   4.00  0.52201 0.00039 3  0.66963 0.00019  0  3  2 000 110113 4  0 -170947   21933  0.59  21.32 22.44 22.52  45.20167  -7.49879                                
 93 S03J030036132-07023102            3  0 36.13  -07  2 31.0 22.02  2  3  0.62529 0.00006  4  3   3.65  0.68705 0.00073 3  0.62536 0.00019  0  3  2 000 110113 4  0  -62321    7703  0.34  21.76 22.54 22.46  45.15055  -7.04195                                
 94 S03J030046900-07404359            3  0 46.90  -07 40 43.6 20.80  1  1  0.18999 0.00003  3 15   4.21  0.63217 0.00112 3  0.48876 0.00004  0  3  2 000 110113 4  0 -215549   21494  1.20  20.39 21.14 21.41  45.19542  -7.67877                                
 95 S03J030042099-07251246            3  0 42.10  -07 25 12.5 21.54  1  2  0.19646 0.00005  3  4   3.37  0.19987 0.00209 2  1.10638 0.00008  0  2  2 000 110113 4  0 -151931   15363  0.58  21.14 21.61 22.17  45.17541  -7.42013                                
 96 S03J030041976-07400132            3  0 41.98  -07 40  1.3 20.78  0  0 -9.99900 0.00005  0  1   4.17  0.90635 0.00180 3  0.06201 0.00182  3  1  2 000 110113 4  0 -212688   16569  1.21  20.19 20.70 21.18  45.17490  -7.66703                                
 97 S03J030035291-07142292            3  0 35.29  -07 14 22.9 21.08  1  3  0.70643 0.00003  3  1   3.58  0.89838 0.00281 3  0.44360 0.00003  0  3  2 000 110113 4  0 -108906    7848  0.84  20.68 21.80 21.70  45.14705  -7.23970                                
 98 S03J030042235-07004093            3  0 42.23  -07  0 40.9 21.88  0  0 -9.99900 0.00003  0  2   3.13  1.12109 0.00512 2  0.36472 0.00512  2  1  2 000 110113 4  0  -55045   13471  0.70  21.55 23.51 22.12  45.17598  -7.01137                                
 99 S03J030030357-07083533            3  0 30.36  -07  8 35.3 21.53  1  2  0.20760 0.00004  3  3   3.91  0.90432 0.00095 3  0.39221 0.00005  0  3  2 000 110113 4  0  -86179    2606  0.53  21.73 23.81 22.42  45.12649  -7.14315                                
101 S03J030027734-07094015            3  0 27.73  -07  9 40.1 22.20  2  3  0.34788 0.00003  4 15   5.22  0.28953 0.00029 4  0.34775 0.00015  0  3  2 000 110113 4  0  -90479     154 -0.08  99.00 99.00 21.81  45.11556  -7.16115                                
102 S03J030024266-07223373            3  0 24.27  -07 22 33.7 21.42  3 10  0.68384 0.00001  5  5   2.54  0.99183 0.00287 2  0.37000 0.00001  0  1  2 000 110113 4  0 -141650   -2208  0.73  19.91 20.08 21.46  45.10111  -7.37604                                
103 S03J030032834-07103442            3  0 32.83  -07 10 34.4 20.61  1  1  0.77069 0.00002  3 17   3.53  0.48069 0.00188 3  0.58097 0.00019  0  2  2 000 110113 4  0  -93939    5165  1.02  19.69 20.97 20.74  45.13681  -7.17623                                
104 S03J030022989-07080706            3  0 22.99  -07  8  7.1 21.56  2  7  0.70699 0.00002  4  3   4.32  0.19518 0.00372 3  0.29583 0.00005  0  1  2 000 110113 4  0  -84494   -4544  0.53  21.23 22.88 99.00  45.09579  -7.13529                                
105 S03J030048777-07031331            3  0 48.78  -07  3 13.3 21.47  2  3  0.75885 0.00005  4 15   4.15  0.13807 0.00062 3  0.75905 0.00020  0  3  2 000 110113 4  0  -64839   19980 -0.10  99.00 99.00 99.00  45.20324  -7.05370                                
106 S03J030026146-07073231            3  0 26.15  -07  7 32.3 21.45  0  0 -9.99900 0.00005  0  1   4.01  0.47668 0.00259 3  0.52539 0.00260  3  2  2 000 110113 4  0  -82147   -1543  0.23  22.70 99.00 22.77  45.10894  -7.12564                                
107 S03J030015357-07171535            3  0 15.36  -07 17 15.3 20.50  1  1  0.16661 0.00004  3  1   3.83  0.91855 0.00225 3  0.57468 0.00006  0  3  2 000 110113 4  0 -120682  -11254  0.96  20.27 21.60 20.87  45.06399  -7.28760                                
108 S03J025957901-07392226            2 59 57.90  -07 39 22.3 20.95  1  3  0.15920 0.00004  3 17   5.42  0.60465 0.00404 4  0.51944 0.00005  0  2  2 000 110113 4  0 -210929  -26895 -0.34  99.00 23.16 22.51  44.99125  -7.65618                                
109 S03J030010931-07140007            3  0 10.93  -07 14  0.1 21.40  2  3  0.53605 0.00003  4  8   4.63  0.08227 0.00054 3  0.16077 0.00002  0  2  2 000 110113 4  0 -107890  -15781  0.40  21.77 99.00 21.73  45.04555  -7.23335                                
110 S03J030005433-07094926            3  0  5.43  -07  9 49.3 21.31  3 14  0.59341 0.00001  5  3   3.84  1.09334 0.00302 3  0.59428 0.00017  0  4  2 000 110113 4  0  -91530  -21391  0.66  20.13 22.95 21.16  45.02264  -7.16368                                
111 S03J025946170-07424280            2 59 46.17  -07 42 42.8 20.93  0  0 -9.99900 0.00001  0 16   4.00  0.15626 0.00033 3  0.20603 0.00035  3  2  2 000 110113 4  0 -225345  -38337  0.30  21.65 23.67 21.25  44.94237  -7.71189                                
112 S03J030010069-07105451            3  0 10.07  -07 10 54.5 21.89  5 10  0.56060 0.00001  5 17   4.07  0.47260 0.00119 3  0.56060 0.00017  0  4  2 000 110113 4  0  -95711  -16842  0.82  20.97 23.21 21.32  45.04195  -7.18181                                
113 S03J030024152-07043575            3  0 24.15  -07  4 35.7 21.91  0  0 -9.99900 0.00001  0  8   3.85  0.03142 0.00233 3  0.36511 0.00234  2  2  2 000 110113 4  0  -70676   -3676  0.34  21.95 99.00 22.17  45.10063  -7.07660                                
114 S03J025937819-07392940            2 59 37.82  -07 39 29.4 20.35  0  0 -9.99900 0.00001  0  1   3.39  0.47485 0.00259 2  0.48636 0.00260  2  2  2 000 110113 4  0 -212012  -46710  0.80  19.74 21.21 20.77  44.90758  -7.65817                                
115 S03J030020680-07105418            3  0 20.68  -07 10 54.2 20.63  1  2  0.04129 0.00006  3  2   3.51  0.93746 0.00234 3  0.83319 0.00010  0  2  2 000 110113 4  0  -95458   -6563  0.94  20.32 21.65 21.02  45.08617  -7.18172  fringed                       
116 S03J030000941-07133316            3  0  0.94  -07 13 33.2 21.46  1  4  0.36489 0.00002  3  1   4.89  1.10435 0.00175 3  0.77465 0.00003  0  1  2 000 110113 4  0 -106337  -25498  0.16  21.80 99.00 99.00  45.00392  -7.22588  fringed                       
117 S03J030014873-06592223            3  0 14.87  -06 59 22.2 22.22  3  4  0.60970 0.00003  5  1   3.73  0.89428 0.00077 3  0.60966 0.00018  0  4  2 000 110113 4  0  -50440  -13030  0.13  22.40 22.63 22.35  45.06197  -6.98951                                
118 S03J025945491-07215253            2 59 45.49  -07 21 52.5 21.86  3  5  0.81433 0.00001  5 16   3.67  0.68175 0.00110 3  0.37177 0.00009  0  1  2 000 110113 4  0 -139785  -39995  0.61  20.42 21.72 21.82  44.93955  -7.36459  fringed                       
119 S03J025947294-07295864            2 59 47.29  -07 29 58.6 20.48  1  2  0.32810 0.00009  3  4   3.55  0.74311 0.00123 3  0.60268 0.00002  0  2  2 000 110113 4  0 -172452  -37795  1.30  20.42 21.28 21.82  44.94706  -7.49962                                
120 S03J025957518-07093281            2 59 57.52  -07  9 32.8 21.31  4 12  0.70323 0.00000  5  5   5.38  1.07614 0.00236 4  0.49044 0.00002  0  2  2 000 110113 4  0  -90621  -29070  0.85  20.25 22.76 22.67  44.98966  -7.15911  fringed                       
121 S03J025944436-07173679            2 59 44.44  -07 17 36.8 22.19  1  2  0.94525 0.00003  3 16   3.77  0.32122 0.00066 3  0.48933 0.00003  0  2  2 000 110113 4  0 -122808  -41268  0.12  21.68 20.83 99.00  44.93515  -7.29355                                
122 S03J030032434-06515181            3  0 32.43  -06 51 51.8 22.33  2  3  0.78712 0.00006  4  5   2.59  1.21465 0.00148 2  0.78700 0.00020  0  3  2 000 110113 4  0  -20922    3332  0.61  20.54 22.07 23.26  45.13514  -6.86439                                
123 Y03J025957738-07191914            2 59 57.74  -07 19 19.1 18.85  1  2  0.70540 0.00000  3 17   3.69  0.35893 0.00134 3  0.35629 0.00263  0  3  2 000 110113 4  0 -129270  -28231  5.80  18.57 20.12 19.85  44.99057  -7.32198                                
124 S03J030022238-07002122            3  0 22.24  -07  0 21.2 21.07  2  3  0.11933 0.00002  4  5   3.53  0.29556 0.00280 3  0.11930 0.00012  0  3  2 000 110113 4  0  -54149   -5850  1.10  20.07 20.90 21.72  45.09266  -7.00589                                
125 Y03J025910905-07342152            2 59 10.90  -07 34 21.5 21.76  1  1  1.22278 0.00006  3  3   3.18  0.31346 0.00162 2  0.70454 0.00005  0  2  2 000 110113 4  0 -191593  -73460  1.19  20.25 21.55 21.91  44.79544  -7.57264                                
126 S03J025916054-07274825            2 59 16.05  -07 27 48.2 21.25  1  3  0.70126 0.00005  3 17   3.43  0.11251 0.00422 2  0.89684 0.00019  0  2  2 000 110113 4  0 -164577  -68546  1.10  20.00 20.91 22.87  44.81689  -7.46340                                
127 S03J025842268-07364100            2 58 42.27  -07 36 41.0 22.14  1  1  0.47328 0.00004  3 15   3.07  0.15221 0.00225 2  0.30908 0.00006  0  2  2 000 110113 4  0 -202467 -101956  0.41  20.65 21.80 23.26  44.67612  -7.61139                                
128 S03J030023269-06493419            3  0 23.27  -06 49 34.2 21.42  0  0 -9.99900 0.00004  0  5   2.54  0.30693 0.00237 2  0.83200 0.00237  2  2  2 000 110113 4  0  -12206   -5681  1.02  20.10 21.43 22.51  45.09695  -6.82616                                
129 S03J025902616-07290088            2 59  2.62  -07 29  0.9 21.53  3  5  0.54573 0.00002  5  1   2.51  0.90485 0.00233 2  0.54571 0.00017  0  4  2 000 110113 4  0 -169947  -81752  0.79  20.24 20.94 22.85  44.76090  -7.48358                                
130 S03J030027600-06595958            3  0 27.60  -06 59 59.6 21.12  0  0 -9.99900 0.00002  0  5   2.50  1.22063 0.00247 2  1.22063 0.00248  2  1  0 000 110113 4  0  -52633    -716  1.04  20.07 21.15 22.68  45.11500  -6.99988                                
131 S03J025942378-07081602            2 59 42.38  -07  8 16.0 21.86  1  2  0.69814 0.00005  3 15   3.70  0.63092 0.00154 3  0.48927 0.00011  0  2  2 000 110113 4  0  -85948  -43832  1.29  20.29 20.95 21.92  44.92657  -7.13778                                
132 S03J025944160-07032015            2 59 44.16  -07  3 20.1 21.77  0  0 -9.99900 0.00005  0 17   3.01  0.26852 0.00358 2  0.26852 0.00358  2  1  0 000 110113 4  0  -66586  -42413  0.78  20.41 21.02 22.35  44.93400  -7.05560                                
133 S03J025922963-07152007            2 59 22.96  -07 15 20.1 21.86  0  0 -9.99900 0.00005  0 16   3.26  0.70523 0.00167 2  0.86216 0.00168  2  2  2 000 110113 4  0 -114323  -62285  0.65  20.67 21.40 22.84  44.84568  -7.25557                                
134 S03J030021812-06561156            3  0 21.81  -06 56 11.6 21.43  0  0 -9.99900 0.00005  0 16   2.81  0.49122 0.00133 2  0.42542 0.00134  2  2  2 000 110113 4  0  -37941   -6572  0.86  20.42 21.50 23.12  45.09088  -6.93654                                
135 Y03J025854894-07315286            2 58 54.89  -07 31 52.9 20.50  0  0 -9.99900 0.00005  0  9   4.47  0.06211 0.00278 3  0.40516 0.00100  3  2  2 000 110113 4  0 -181969  -89360  5.07  18.82 20.33 20.09  44.72872  -7.53135                                
136 S03J030033697-06492730            3  0 33.70  -06 49 27.3 21.32  1  2  0.27959 0.00002  3 16   2.80  0.32254 0.00161 2  0.78729 0.00007  0  2  2 000 110113 4  0  -11555    4350  0.35  21.28 22.62 99.00  45.14040  -6.82425                                
137 S03J025938173-07051731            2 59 38.17  -07  5 17.3 21.44  4  6  0.54874 0.00002  5 16   3.38  0.46209 0.00032 2  0.54873 0.00017  0  4  2 000 110113 4  0  -74350  -48096  0.92  20.43 21.03 21.61  44.90905  -7.08814                                
138 S03J025834308-07265834            2 58 34.31  -07 26 58.3 22.33  0  0 -9.99900 0.00002  0  5   3.47  1.18094 0.00125 2  1.18094 0.00127  2  1  0 000 110113 4  0 -162735 -109841  0.49  21.19 21.79 22.05  44.64295  -7.44954                                
139 S03J025931290-07062783            2 59 31.29  -07  6 27.8 21.79  1  1  0.38081 0.00004  3 16   2.48  0.11828 0.00108 1  0.38095 0.00004  2  2  2 000 110113 4  0  -79126  -54692  1.03  20.31 21.31 21.54  44.88038  -7.10773                                
140 Y03J025936958-07155662            2 59 36.96  -07 15 56.6 20.21  1  1  0.70594 0.00005  3  5   3.82  1.19895 0.00209 3  0.70594 0.00005  0  2  0 000 110113 4  0 -116355  -48624  2.85  19.39 20.11 20.67  44.90399  -7.26573                                
141 S03J025830056-07250112            2 58 30.06  -07 25  1.1 21.76  1  4  0.22074 0.00005  3  9   5.02  0.05749 0.00133 4  0.22090 0.00006  0  2  2 000 110113 4  0 -154937 -114079  0.61  20.60 21.18 22.36  44.62523  -7.41698                                
142 S03J025811543-07292206            2 58 11.54  -07 29 22.1 21.93  2  2  0.17118 0.00002  4 15   4.05  0.21518 0.00042 3  0.17133 0.00013  0  3  2 000 110113 4  0 -173568 -132668 -0.03  99.00 99.00 99.00  44.54810  -7.48946                                
145 S03J025829208-07242207            2 58 29.21  -07 24 22.1 21.94  2  3  0.23926 0.00003  4  4   3.91  0.15791 0.00076 3  0.23931 0.00014  0  3  2 000 110113 4  0 -152342 -114933  0.04  99.00 27.03 99.00  44.62170  -7.40613                                
146 S03J025931669-06592188            2 59 31.67  -06 59 21.9 21.32  0  0 -9.99900 0.00003  0 16   3.64  0.13972 0.00036 3  0.62234 0.00039  2  3  2 000 110113 4  0  -51326  -54785  0.25  21.97 21.94 22.55  44.88195  -6.98941                                
147 S03J025850667-07124000            2 58 50.67  -07 12 40.0 20.78  1  2  0.14730 0.00005  3 15   4.94  0.14170 0.00026 3  0.50461 0.00007  0  1  2 000 110113 4  0 -104680  -94000  0.72  20.82 22.84 22.11  44.71111  -7.21111                                
148 S03J025903522-07065930            2 59  3.52  -07  6 59.3 21.82  0  0 -9.99900 0.00005  0 15   4.63  0.13336 0.00060 3  0.91097 0.00061  3  2  2 000 110113 4  0  -81869  -81678  0.36  21.74 22.36 22.09  44.76468  -7.11647                                
149 S03J025935460-06594619            2 59 35.46  -06 59 46.2 22.21  0  0 -9.99900 0.00005  0 16   3.68  0.32279 0.00066 3  0.32279 0.00066  2  1  0 000 110113 4  0  -52827  -51083  0.05  99.00 99.00 24.00  44.89775  -6.99616                                
151 S03J025737486-07261602            2 57 37.49  -07 26 16.0 21.41  1  2  1.13841 0.00013  3 15   3.37  0.62829 0.00084 2  1.13841 0.00013  0  2  2 000 110113 4  0 -162544 -167154  0.58  20.58 22.89 21.06  44.40619  -7.43778                                
152 S03J025807940-07181174            2 58  7.94  -07 18 11.7 21.25  0  0 -9.99900 0.00013  0  2   3.82  1.12957 0.00139 3  0.29836 0.00139  2  2  2 000 110113 4  0 -128261 -136191  0.44  21.22 99.00 22.18  44.53308  -7.30326                                
153 Y03J025833640-07193774            2 58 33.64  -07 19 37.7 21.02  1  2  0.68564 0.00008  3  4   3.68  0.19878 0.00148 3  0.28528 0.00004  0  2  2 000 110113 4  0 -133034 -110575  1.02  21.54 99.00 22.75  44.64017  -7.32715                                
154 S03J025746714-07214857            2 57 46.71  -07 21 48.6 20.78  1  2  0.13565 0.00004  3 17   2.96  0.47049 0.00255 2  0.13603 0.00003  0  1  2 000 110113 4  0 -143812 -157597  0.82  19.82 21.63 21.07  44.44464  -7.36349                                
155 S03J025853601-07052622            2 58 53.60  -07  5 26.2 20.27  1  1  0.33730 0.00003  3 15   5.08  0.64886 0.00044 4  0.64886 0.00044  0  1  1 000 110113 4  0  -76039  -91456  2.35  19.75 21.74 20.75  44.72334  -7.09062  fringed                       
156 S03J030037010-07001398            3  0 37.01  -07  0 14.0 20.91  2  2  0.92382 0.00005  4  5   3.98  0.06690 0.00024 3  0.92406 0.00022  0  3  2 000 110113 4  0  -53392    8377  1.25  20.16 21.58 21.37  45.15421  -7.00388                                
157 S03J025916885-07002557            2 59 16.88  -07  0 25.6 22.19  1  1  0.95544 0.00009  3  5   5.13  0.08427 0.00021 4  0.95562 0.00009  0  3  2 000 110113 4  0  -55813  -69054  0.16  22.66 25.24 22.13  44.82035  -7.00710                                
158 S03J025922223-07010547            2 59 22.22  -07  1  5.5 21.84  0  0 -9.99900 0.00009  0 16   3.65  0.31209 0.00092 3  0.88882 0.00135  2  3  2 000 110113 4  0  -58287  -63830  0.86  20.50 21.43 21.54  44.84260  -7.01819  QSO                           
159 S03J025901101-07010021            2 59  1.10  -07  1  0.2 22.27  1  2  0.99524 0.00006  3  9   7.14  0.05416 0.00079 4  0.43117 0.00006  0  3  2 000 110113 4  0  -58458  -84386  0.31  22.19 23.55 21.97  44.75459  -7.01673                                
160 S03J025905066-07013919            2 59  5.07  -07  1 39.2 21.36  1  2  0.20589 0.00003  3 16   4.06  0.49279 0.00061 3  1.12297 0.00004  0  3  2 000 110113 4  0  -60890  -80466  0.43  21.85 99.00 22.39  44.77111  -7.02755                                
161 S03J025903470-07050319            2 59  3.47  -07  5  3.2 20.53  1  2  0.88368 0.00004  3  5   2.86  0.68981 0.00107 2  0.49660 0.00006  0  2  2 000 110113 4  0  -74272  -81833  0.70  20.73 22.39 21.42  44.76446  -7.08422                                
162 S03J025852471-07074319            2 58 52.47  -07  7 43.2 20.87  1  1  0.13471 0.00005  3  1   3.39  1.11905 0.00201 2  0.13449 0.00005  0  1  2 000 110113 4  0  -85061  -92456  0.72  21.53 99.00 21.83  44.71863  -7.12866                                
163 S03J025711917-07182347            2 57 11.92  -07 18 23.5 20.65  0  0 -9.99900 0.00005  0 15   8.50  0.37075 0.00027 5  0.80761 0.00031  5  2  2 000 110113 4  0 -131643 -193173  2.23  19.16 19.93 20.12  44.29965  -7.30652                                
164 S03J025839322-07120698            2 58 39.32  -07 12  7.0 20.47  0  0 -9.99900 0.00005  0 15   3.94  0.64924 0.00069 3  0.59530 0.00071  2  3  2 000 110113 4  0 -102850 -105171  1.24  20.59 22.08 21.50  44.66384  -7.20194                                
165 S03J025711384-07160066            2 57 11.38  -07 16  0.7 21.56  0  0 -9.99900 0.00005  0 17   4.17  0.47177 0.00180 3  0.25791 0.00180  3  2  2 000 110113 4  0 -121999 -193648  0.40  20.93 99.00 21.75  44.29743  -7.26685                                
166 S03J025856862-07003089            2 58 56.86  -07  0 30.9 21.45  1  2  0.05694 0.00003  3 17   3.63  0.59984 0.00195 3  0.86037 0.00005  0  2  2 000 110113 4  0  -56646  -88528  0.58  21.21 99.00 21.43  44.73692  -7.00858                                
167 S03J025804044-07085812            2 58  4.04  -07  8 58.1 21.58  0  0 -9.99900 0.00003  0 15   3.15  0.48640 0.00096 2  0.70728 0.00098  2  1  2 000 110113 4  0  -91529 -140244  0.17  22.76 99.00 22.12  44.51685  -7.14948                                
168 S03J025857405-06582649            2 58 57.40  -06 58 26.5 21.51  2  3  0.77317 0.00004  4  5   3.78  1.19894 0.00106 3  0.77314 0.00020  0  3  2 000 110113 4  0  -48525  -88152  0.10  24.50 99.00 23.41  44.73919  -6.97403                                
169 S03J025840407-07043327            2 58 40.41  -07  4 33.3 20.97  5  5  0.43921 0.00001  5  8   4.48  0.02414 0.00036 3  0.43917 0.00016  0  4  2 000 110113 4  0  -72951 -104436  1.30  20.03 21.35 20.92  44.66836  -7.07591                                
170 S03J025902282-06592754            2 59  2.28  -06 59 27.5 21.57  0  0 -9.99900 0.00001  0  2   4.14  0.29901 0.00105 3  0.39592 0.00106  3  1  2 000 110113 4  0  -52387  -83324  0.72  19.97 22.83 21.69  44.75951  -6.99098                                
171 S03J025717165-07070636            2 57 17.16  -07  7  6.4 21.16  2 12  0.70778 0.00002  4  1   3.58  1.12707 0.00308 3  0.35646 0.00000  0  1  2 000 110113 4  0  -85857 -187653  0.29  21.65 99.00 24.03  44.32152  -7.11843                                
172 S03J025810362-07094740            2 58 10.36  -07  9 47.4 20.76  0  0 -9.99900 0.00002  0 15   3.24  0.24275 0.00030 2  0.24275 0.00033  2  1  0 000 110113 4  0  -94562 -133924  1.42  19.74 21.97 21.33  44.54317  -7.16317                                
173 S03J025937926-07013210            2 59 37.93  -07  1 32.1 21.22  2  6  0.67021 0.00005  4 16   3.87  0.31645 0.00052 3  0.67018 0.00019  0  4  2 000 110113 4  0  -59672  -48583  0.37  21.02 99.00 22.16  44.90803  -7.02558                                
174 S03J025712867-07070137            2 57 12.87  -07  7  1.4 22.07  1  3  0.18774 0.00003  3 15   5.28  0.63134 0.00065 4  0.73286 0.00011  0  2  2 000 110113 4  0  -85700 -192070  0.60  21.25 99.00 22.20  44.30361  -7.11705                                
176 Y03J025647368-07081226            2 56 47.37  -07  8 12.3 20.23  1  1  0.77115 0.00002  3  3   4.39  0.91794 0.00090 3  0.35121 0.00019  0  1  2 000 110113 4  0  -91548 -218564  1.59  19.06 20.86 20.38  44.19737  -7.13674                                
177 S03J025805657-07020313            2 58  5.66  -07  2  3.1 21.61  1  1  0.70778 0.00013  3 15   5.56  0.37781 0.00076 4  0.27116 0.00013  0  1  2 000 110113 4  0  -64108 -138894  0.54  20.51 21.31 21.18  44.52357  -7.03420                                
178 S03J025923580-06562070            2 59 23.58  -06 56 20.7 21.67  1  2  0.45428 0.00001  3 17   5.05  0.45895 0.00130 4  1.13759 0.00016  0  1  2 000 110113 4  0  -39747  -62838  0.04  99.00 99.00 23.52  44.84825  -6.93908                                
180 S03J025944526-07023895            2 59 44.53  -07  2 38.9 21.91  0  0 -9.99900 0.00001  0 16   3.52  0.31878 0.00036 3  0.31878 0.00039  2  1  0 000 110113 4  0  -63880  -42112 -0.21  99.00 99.00 99.00  44.93552  -7.04415                                
181 S03J025649409-07024025            2 56 49.41  -07  2 40.2 21.68  0  0 -9.99900 0.00001  0 17   3.98  0.61000 0.00315 3  0.60921 0.00315  2  1  2 000 110113 4  0  -69195 -216434  0.64  20.97 99.00 21.31  44.20587  -7.04451                                
183 S03J025813743-06485307            2 58 13.74  -06 48 53.1 22.12  0  0 -9.99900 0.00001  0  8   4.23  0.02157 0.00088 3  0.02157 0.00088  3  1  0 000 110113 4  0  -12161 -131676 -0.22  99.00 99.00 99.00  44.55726  -6.81474                                
184 S03J025806833-06554273            2 58  6.83  -06 55 42.7 20.18  1  3  0.05370 0.00005  3 17   4.62  0.47521 0.00099 3  0.85459 0.00013  0  2  2 000 110113 4  0  -39119 -138065  1.65  19.79 21.85 21.39  44.52847  -6.92854                                
185 S03J025932715-06571418            2 59 32.71  -06 57 14.2 21.57  1  1  0.96903 0.00007  3 16   3.40  0.63221 0.00097 2  0.46663 0.00007  0  1  2 000 110113 4  0  -42998  -53914  0.16  21.75 21.29 21.87  44.88631  -6.95394                                
186 S03J025632948-06582371            2 56 32.95  -06 58 23.7 21.02  0  0 -9.99900 0.00007  0 16   2.84  0.30337 0.00098 2  0.30337 0.00099  2  1  0 000 110113 4  0  -52671 -233877  1.96  18.92 21.02 21.09  44.13728  -6.97325                                
187 S03J025656047-06561356            2 56 56.05  -06 56 13.6 21.18  1  3  0.17182 0.00003  3 15   6.82  0.25784 0.00027 4  0.34628 0.00001  0  1  2 000 110113 4  0  -43208 -209743  1.17  19.79 21.57 21.36  44.23353  -6.93710                                
188 S03J025645521-06573552            2 56 45.52  -06 57 35.5 22.17  1  1  0.76407 0.00003  3  4   3.58  0.20589 0.00087 3  0.76407 0.00019  0  1  2 000 110113 4  0  -49003 -220670  0.73  20.63 21.88 22.91  44.18967  -6.95987                                
189 S03J025633014-06553413            2 56 33.01  -06 55 34.1 21.13  0  0 -9.99900 0.00003  0  2   4.05  1.12601 0.00284 3  0.91516 0.00285  3  2  2 000 110113 4  0  -41333 -233905  1.34  20.07 21.31 21.17  44.13756  -6.92615                                
190 S03J025813920-06514228            2 58 13.92  -06 51 42.3 20.59  1  2  0.56455 0.00009  3  9   4.94  0.05246 0.00173 3  0.27977 0.00001  0  1  2 000 110113 4  0  -23204 -131295  0.63  21.07 24.57 22.51  44.55800  -6.86174                                
191 S03J025709641-06544671            2 57  9.64  -06 54 46.7 21.40  0  0 -9.99900 0.00009  0 15   3.62  0.47256 0.00206 3  0.54086 0.00207  2  2  2 000 110113 4  0  -37035 -195785  0.39  23.23 99.00 22.31  44.29017  -6.91298                                
193 S03J025730800-06501563            2 57 30.80  -06 50 15.6 21.74  1  3  0.46379 0.00004  3 17   3.33  0.45081 0.00203 2  1.01722 0.00004  0  1  2 000 110113 4  0  -18573 -174515  0.78  21.15 23.76 21.49  44.37833  -6.83767                                
194 calibrator1                       2 58  8.34  -06 48 38.4 20.41  0  0 -9.99900 0.00004  0  9   6.23  0.05489 0.00200 4  0.54000 0.00200  4  1  2 000 110113 4  0  -11325 -137047  1.82  19.63 20.39 20.33  44.53474  -6.81066                                
195 S03J025717663-06522868            2 57 17.66  -06 52 28.7 20.91  3  3  0.59700 0.00004  5 15   7.61  0.52750 0.00032 5  0.59699 0.00018  0  4  2 000 110113 4  0  -27694 -187704  1.03  21.22 99.00 21.61  44.32360  -6.87463                                
196 S03J025705565-06531077            2 57  5.56  -06 53 10.8 22.25  0  0 -9.99900 0.00004  0  9   6.65  0.05703 0.00232 4  0.05703 0.00232  4  1  0 000 110113 4  0  -30809 -200073  1.04  20.96 99.00 21.39  44.27319  -6.88633                                
197 S03J025850735-06542820            2 58 50.73  -06 54 28.2 21.02  1  1  0.77812 0.00002  3 17   3.78  0.46397 0.00168 3  0.79945 0.00003  0  1  2 000 110113 4  0  -33157  -94917  0.40  99.00 99.00 22.24  44.71140  -6.90783                                
198 S03J025802083-06532774            2 58  2.08  -06 53 27.7 20.17  0  0 -9.99900 0.00002  0 17   4.02  0.47280 0.00157 3  0.47280 0.00157  3  1  0 000 110113 4  0  -30397 -142921  2.19  20.17 99.00 20.80  44.50868  -6.89104                                
199 S03J025628042-06484204            2 56 28.04  -06 48 42.0 21.25  0  0 -9.99900 0.00002  0 17   3.39  0.47356 0.00159 2  0.53967 0.00160  2  2  2 000 110113 4  0  -13980 -239588  1.05  20.84 99.00 21.00  44.11684  -6.81168                                
201 S03J025740298-06484831            2 57 40.30  -06 48 48.3 20.74  1  1  0.69819 0.00005  3  8   5.09  0.09401 0.07245 4  0.69795 0.00004  0  1  2 000 110113 4  0  -12610 -165043  0.72  20.85 25.51 21.57  44.41791  -6.81342                                
202 S03J025657086-06434793            2 56 57.09  -06 43 47.9 21.57  1  1  0.79270 0.00005  2 15   4.25  0.25645 0.00041 3  0.51195 0.00006  2  1  2 000 110113 4  0    6214 -209532  0.72  19.59 22.99 22.16  44.23786  -6.72998                                
203 S03J025713793-06462180            2 57 13.79  -06 46 21.8 20.75  2  2  0.35586 0.00003  4  5   3.83  1.21063 0.00446 3  0.35586 0.00015  0  2  2 000 110113 4  0   -3611 -192107  1.48  19.25 21.81 21.59  44.30747  -6.77272                                
204 S03J025717492-06472922            2 57 17.49  -06 47 29.2 21.72  1  2  0.30058 0.00003  3 15   5.69  0.62718 0.00100 4  0.78453 0.00006  0  1  2 000 110113 4  0   -7963 -188242  0.30  21.59 21.88 23.93  44.32288  -6.79145                                
205 S03J025749891-06411685            2 57 49.89  -06 41 16.8 21.17  1  2  0.67383 0.00003  3  3   3.28  0.90042 0.00172 2  0.16078 0.00007  0  3  2 000 110113 4  0   17177 -156056  0.70  20.91 22.23 21.91  44.45788  -6.68801                                
207 S03J025633978-06414998            2 56 33.98  -06 41 50.0 22.04  1  2  0.34939 0.00003  3  5   3.63  0.89191 0.00163 3  0.41900 0.00003  0  2  2 000 110113 4  0   13626 -233919  0.57  20.93 21.30 22.26  44.14158  -6.69722                                
208 S03J025806117-06471506            2 58  6.12  -06 47 15.1 21.72  1  2  0.70846 0.00000  3 15   6.32  0.63059 0.00110 4  0.70846 0.00019  0  1  0 000 110113 4  0   -5925 -139382  0.19  19.50 99.00 23.14  44.52549  -6.78752                                
210 S03J025706996-06414922            2 57  7.00  -06 41 49.2 21.21  0  0 -9.99900 0.00000  0 15   3.49  0.22054 0.00057 2  0.70670 0.00132  2  2  2 000 110113 4  0   14265 -199503  1.74  19.13 21.75 20.87  44.27915  -6.69701                                
211 S03J025848010-06432836            2 58 48.01  -06 43 28.4 21.57  2  3  0.91220 0.00004  4  4   3.89  0.01482 0.00100 3  0.91227 0.00004  0  3  2 000 110113 4  0    9679  -98426  0.78  20.59 99.00 22.19  44.70004  -6.72454                                
213 S03J025727794-06424831            2 57 27.79  -06 42 48.3 21.30  1  1  0.04335 0.00003  3 17   2.97  0.25078 0.00157 2  0.04335 0.00012  0  1  0 000 110113 4  0   10787 -178172  1.34  19.08 21.86 21.23  44.36581  -6.71342                                
214 S03J025910792-06544844            2 59 10.79  -06 54 48.4 20.13  2  2  0.37324 0.00002  4  5   3.69  1.23108 0.00229 3  0.37327 0.00015  0  3  2 000 110113 4  0  -34026  -75356  2.68  19.17 20.74 20.60  44.79497  -6.91346                                
216 S03J025857011-06515224            2 58 57.01  -06 51 52.2 20.96  3 17  0.75003 0.00003  5 17   3.92  0.46326 0.00244 3  0.31553 0.00005  0  2  2 000 110113 4  0  -22867  -88982  2.17  18.96 20.67 20.79  44.73755  -6.86451  fringed                       
217 S03J025949304-06532887            2 59 49.30  -06 53 28.9 21.63  1  5  0.14644 0.00003  3 17   4.45  0.38950 0.00334 3  0.85954 0.00013  0  3  2 000 110113 4  0  -28043  -38153  0.19  99.00 99.00 99.00  44.95543  -6.89135                                
218 S03J025702297-06350960            2 57  2.30  -06 35  9.6 21.85  1  1  0.14734 0.00005  3 16   3.45  0.17497 0.00074 2  1.01990 0.00008  0  2  2 000 110113 4  0   40625 -205101  0.70  19.97 22.14 21.73  44.25957  -6.58600                                
219 S03J030001278-06561180            3  0  1.28  -06 56 11.8 21.47  1  1  0.28330 0.00008  3  1   3.92  1.09992 0.00068 3  0.68201 0.00015  0  2  2 000 110113 4  0  -38345  -26390  0.67  20.25 21.95 21.83  45.00533  -6.93661                                
221 S03J025850405-06452187            2 58 50.40  -06 45 21.9 21.63  1  1  0.05158 0.00004  3 15   3.08  0.15932 0.00044 2  0.05158 0.00004  0  1  0 000 110113 4  0    2370  -95927  0.83  20.41 21.88 21.22  44.71002  -6.75608                                
222 S03J030004424-06573651            3  0  4.42  -06 57 36.5 21.51  1  1  1.35868 0.00004  3 16   4.29  0.17616 0.00064 3  1.35868 0.00026  0  1  0 000 110113 4  0  -43792  -23256  0.10  22.46 99.00 22.84  45.01843  -6.96014                                
223 S03J025843217-06362054            2 58 43.22  -06 36 20.5 20.60  1  1  0.90478 0.00005  3  9   4.94  0.05349 0.00252 3  1.55832 0.00007  0  2  2 000 110113 4  0   37432 -103756  0.98  20.16 99.00 21.30  44.68007  -6.60571                                
224 S03J025946681-06555692            2 59 46.68  -06 55 56.9 22.07  0  0 -9.99900 0.00005  0 16   3.53  0.47677 0.00037 3  0.47677 0.00041  2  1  0 000 110113 4  0  -37689  -40506  0.12  24.22 99.00 24.15  44.94450  -6.93248                                
226 S03J025724765-06312403            2 57 24.76  -06 31 24.0 20.32  0  0 -9.99900 0.00005  0  2   4.00  1.11512 0.00409 3  1.11512 0.00410  3  1  0 000 110113 4  0   55792 -182540  1.85  19.96 21.23 20.68  44.35319  -6.52334                                
227 S03J025954580-06582257            2 59 54.58  -06 58 22.6 21.08  0  0 -9.99900 0.00005  0 17   4.12  0.27685 0.00182 3  0.84847 0.00182  3  3  2 000 110113 4  0  -46978  -32698  0.01  99.00 99.00 99.00  44.97742  -6.97294                                
228 S03J025851850-06351284            2 58 51.85  -06 35 12.8 20.99  0  0 -9.99900 0.00005  0  3   3.41  0.86050 0.00092 2  0.86050 0.00094  2  1  0 000 110113 4  0   42000  -95407  0.95  20.15 22.76 21.49  44.71604  -6.58690                                
229 S03J025933553-06552717            2 59 33.55  -06 55 27.2 21.28  2  2  0.54966 0.00003  4  2   3.68  0.72034 0.00102 3  0.54986 0.00017  0  3  2 000 110113 4  0  -36033  -53241  0.25  99.00 99.00 22.38  44.88980  -6.92421                                
230 S03J025926342-06384095            2 59 26.34  -06 38 40.9 22.18  2  4  0.91273 0.00004  4 17   2.80  0.08370 0.00219 2  0.91279 0.00021  0  3  2 000 110113 4  0   29040  -61532  0.55  20.34 21.61 21.48  44.85976  -6.64471                                
232 S03J025921895-06385135            2 59 21.89  -06 38 51.3 21.55  1  3  0.67760 0.00004  3  9   5.83  0.05344 0.00097 4  0.85749 0.00010  0  3  2 000 110113 4  0   28302  -65826  0.43  21.80 99.00 21.88  44.84123  -6.64760                                
233 S03J030005367-06483105            3  0  5.37  -06 48 31.0 20.51  0  0 -9.99900 0.00004  0 15   3.82  0.22671 0.00085 3  0.65427 0.00086  2  2  2 000 110113 4  0   -8427  -23029  1.22  19.42 23.06 19.80  45.02236  -6.80863                                
234 S03J025939106-06445812            2 59 39.11  -06 44 58.1 22.03  1  2  0.34769 0.00004  3 15   3.27  0.38077 0.00302 2  0.11991 0.00005  0  2  2 000 110113 4  0    4840  -48644  0.44  21.06 21.36 21.77  44.91294  -6.74948                                
235 S03J025849372-06303985            2 58 49.37  -06 30 39.8 21.91  0  0 -9.99900 0.00002  0  8   2.99  0.00934 0.00188 2  0.21318 0.00189  2  1  2 000 110113 4  0   59756  -98295  0.96  20.50 22.67 22.02  44.70572  -6.51107                                
241 S03J025926849-06373196            2 59 26.85  -06 37 32.0 21.42  3 11  0.59526 0.00002  5  4   2.81  0.00831 0.00279 2  0.30527 0.00018  0  2  2 000 110113 4  0   33537  -61140  3.05  18.98 21.48 24.60  44.86187  -6.62554                                
242 Y03J025854966-06375850            2 58 54.97  -06 37 58.5 19.18  0  0 -9.99900 0.00002  0  9   5.92  0.06247 0.00168 4  0.46882 0.00128  4  2  2 000 110113 4  0   31268  -92118  4.74  18.60 20.76 20.03  44.72903  -6.63292                                
243 S03J025947602-06463509            2 59 47.60  -06 46 35.1 21.04  0  0 -9.99900 0.00002  0 15   3.45  0.63506 0.00091 2  0.25179 0.00093  2  1  2 000 110113 4  0   -1283  -40304  0.44  21.03 99.00 23.23  44.94834  -6.77641                                
245 S03J025854726-06390464            2 58 54.73  -06 39  4.6 20.50  2  3  0.60782 0.00006  4 17   2.86  0.11844 0.00065 2  0.60788 0.00018  0  4  2 000 110113 4  0   26962  -92246  1.90  19.14 21.44 21.21  44.72803  -6.65129                                
246 S03J025940486-06490033            2 59 40.49  -06 49  0.3 22.09  1  1  0.88476 0.00009  3  8   4.65  0.00006 0.00073 3  0.88477 0.00023  0  3  2 000 110113 4  0  -10832  -47004  0.20  21.96 24.40 24.22  44.91869  -6.81676                                
247 S03J025910445-06305824            2 59 10.44  -06 30 58.2 20.76  1  1  0.54119 0.00005  3 16   3.68  0.17198 0.00032 3  0.50355 0.00005  0  3  2 000 110113 4  0   58893  -77682  0.65  20.82 99.00 21.59  44.79352  -6.51618                                
248 S03J025951641-06394860            2 59 51.64  -06 39 48.6 21.85  1  2  0.14734 0.00003  3 15   4.74  0.12641 0.00039 3  0.17483 0.00006  0  1  2 000 110113 4  0   25147  -36946 -0.04  23.77 99.00 21.51  44.96517  -6.66350                                
251 S03J025922465-06355359            2 59 22.46  -06 35 53.6 20.18  1  1  0.46143 0.00005  3 15   5.20  0.63738 0.00182 4  0.28538 0.00004  0  1  2 000 110113 4  0   39842  -65543  2.24  19.23 20.40 20.35  44.84360  -6.59822                                
252 S03J025928527-06444080            2 59 28.53  -06 44 40.8 20.69  1  1  0.44880 0.00007  2 17   4.14  0.59404 0.00165 3  0.44880 0.00007  2  1  0 000 110113 4  0    5761  -58909  0.95  21.21 99.00 21.41  44.86886  -6.74467                                
253 S03J030012859-06414673            3  0 12.86  -06 41 46.7 21.02  1  2  0.14258 0.00004  3  4   3.31  0.19002 0.00122 2  0.75212 0.00003  0  2  2 000 110113 4  0   17891  -16325  0.40  21.70 99.00 22.03  45.05358  -6.69631                                
254 Y03J025944395-06522379            2 59 44.39  -06 52 23.8 21.15  2  3  0.70612 0.00007  4 17   5.29  0.59192 0.00127 4  0.70587 0.00020  0  3  2 000 110113 4  0  -23925  -42973  0.78  21.02 99.00 22.23  44.93498  -6.87328                                
255 S03J025932577-06294744            2 59 32.58  -06 29 47.4 21.09  2  2  0.70391 0.00003  4 15   6.32  0.23854 0.00042 4  0.70404 0.00019  0  3  2 000 110113 4  0   63849  -56277  0.66  20.91 23.01 21.61  44.88574  -6.49651                                
257 S03J025934856-06284439            2 59 34.86  -06 28 44.4 20.68  0  0 -9.99900 0.00003  0 15   3.77  0.21830 0.00046 3  0.66006 0.00048  2  3  2 000 110113 4  0   67985  -54162  1.23  19.73 22.23 21.22  44.89523  -6.47900                                
258 S03J030016439-06435589            3  0 16.44  -06 43 55.9 20.85  1  1  0.78188 0.00002  2 16   4.68  0.63609 0.00042 3  1.39326 0.00003  2  2  2 000 110113 4  0    9568  -12696  1.10  20.54 23.79 21.80  45.06850  -6.73219                                
259 S03J030000731-06464662            3  0  0.73  -06 46 46.6 21.44  1  1  0.70656 0.00003  3  5   3.67  1.08273 0.00143 3  0.58091 0.00002  0  2  2 000 110113 4  0   -1775  -27618  0.10  24.31 99.00 23.32  45.00305  -6.77962                                
261 S03J025922033-06461109            2 59 22.03  -06 46 11.1 20.13  1  4  0.05983 0.00012  3 15   4.60  0.50877 0.00048 3  0.19691 0.00004  0  2  2 000 110113 4  0    -226  -65069  2.21  19.51 21.93 20.83  44.84180  -6.76975                                
267 S03J030004318-06422000            3  0  4.32  -06 42 20.0 20.56  3  5  0.63419 0.00004  5 15   4.91  0.63160 0.00044 3  0.63428 0.00018  0  3  2 000 110113 4  0   15562  -24511  1.08  20.30 21.94 22.54  45.01799  -6.70556                                
268 S03J030003740-06373904            3  0  3.74  -06 37 39.0 20.60  2  3  0.61915 0.00006  4 15   3.79  0.63243 0.00191 3  0.61917 0.00019  0  3  2 000 110113 4  0   33748  -25434  1.80  19.74 20.93 21.69  45.01558  -6.62751                                
269 S03J030014561-06392584            3  0 14.56  -06 39 25.8 20.71  1  1  0.27336 0.00001  3 16   3.08  0.70088 0.00161 2  1.24175 0.00002  0  1  2 000 110113 4  0   27036  -14869  0.58  20.69 21.64 23.90  45.06067  -6.65718                                
273 S03J030001855-06310953            3  0  1.85  -06 31  9.5 21.31  5  5  0.40867 0.00002  5  5   4.06  1.21782 0.00188 3  0.40869 0.00015  0  4  2 000 110113 4  0   59005  -27797  1.15  20.27 22.35 21.59  45.00773  -6.51931                                
274 S03J025953683-06341999            2 59 53.68  -06 34 20.0 20.45  1  2  0.16975 0.00007  3  3   4.57  0.89957 0.00344 3  0.16975 0.00014  0  1  0 000 110113 4  0   46488  -35420  1.10  20.36 99.00 23.12  44.97368  -6.57222                                
275 S03J025959993-06281318            2 59 59.99  -06 28 13.2 21.90  0  0 -9.99900 0.00007  0  5   3.05  1.26667 0.00281 2  1.18499 0.00282  2  2  2 000 110113 4  0   70434  -29852  0.00  23.43 99.00 99.00  44.99997  -6.47033                                
277 S03J030020359-06405066            3  0 20.36  -06 40 50.7 21.31  1  2  0.20550 0.00003  3 15   4.92  0.44213 0.00137 3  0.54086 0.00013  0  1  2 000 110113 4  0   21645   -9152  0.02  99.00 99.00 99.00  45.08483  -6.68074                                
282 S03J030015877-06343418            3  0 15.88  -06 34 34.2 20.36  2  2  0.46168 0.00006  4 17   3.67  0.59759 0.00226 3  0.46189 0.00017  0  3  2 000 110113 4  0   45966  -13980  1.72  20.33 21.18 21.68  45.06615  -6.57616                                
284 S03J030009710-06273296            3  0  9.71  -06 27 33.0 21.49  1  1  0.13235 0.00007  3 17   4.19  0.27678 0.00130 3  0.99351 0.00012  0  3  2 000 110113 4  0   73246  -20515  0.71  20.82 23.57 21.91  45.04046  -6.45916                                
285 S03J030001738-06460359            3  0  1.74  -06 46  3.6 22.08  1  3  0.14597 0.00004  3 15   3.07  0.14470 0.00290 2  0.03083 0.00013  2  1  2 000 110113 4  0    1046  -26710  0.52  21.11 99.00 22.51  45.00724  -6.76766                                
286 S03J030022878-06370955            3  0 22.88  -06 37  9.5 21.79  0  0 -9.99900 0.00004  0 15   3.74  0.31996 0.00106 3  4.62495 0.01667  2  2  2 000 110113 4  0   36004   -7000  0.43  21.65 99.00 25.73  45.09533  -6.61932                                
287 S03J030025944-06441136            3  0 25.94  -06 44 11.4 20.70  0  0 -9.99900 0.00004  0 15   4.13  0.63055 0.00053 3  0.57772 0.00056  3  3  2 000 110113 4  0    8759   -3513  1.84  19.97 21.73 21.34  45.10810  -6.73649                                
289 Y03J025958104-06435991            2 59 58.10  -06 43 59.9 20.80  1  1  0.21082 0.00002  3 17   3.57  0.26711 0.00150 3  0.21045 0.00013  0  2  2 000 110113 4  0    8980  -30373  1.04  20.45 25.11 23.35  44.99210  -6.73331                                
290 S03J030022895-06350683            3  0 22.89  -06 35  6.8 22.02  0  0 -9.99900 0.00002  0 15   3.89  0.33293 0.00129 3  0.63615 0.00130  3  3  2 000 110113 4  0   43965   -7162  0.61  20.58 22.44 22.48  45.09540  -6.58523                                
294 S03J030026369-06364012            3  0 26.37  -06 36 40.1 21.58  0  0 -9.99900 0.00002  0 15  11.88  0.37259 0.00089 5  0.46070 0.00090  5  1  2 000 110113 4  0   37988   -3689  0.05  99.00 99.00 99.00  45.10987  -6.61114                                
296 S03J030030390-06320347            3  0 30.39  -06 32  3.5 21.33  1  1  0.70225 0.00007  3  5   3.92  0.30716 0.00232 3  0.81875 0.00005  0  2  2 000 110113 4  0   56016    -190  0.93  20.31 21.39 22.13  45.12662  -6.53430                                
297 S03J030027802-06341684            3  0 27.80  -06 34 16.8 21.51  1  2  0.69381 0.00001  3  5   3.81  0.30843 0.00205 3  0.75029 0.00018  0  3  2 000 110113 4  0   47314   -2484  0.50  20.68 21.68 23.47  45.11584  -6.57134                                
298 S03J030044331-06405644            3  0 44.33  -06 40 56.4 20.68  0  0 -9.99900 0.00001  0 15   3.05  0.31777 0.00167 2  0.46006 0.00168  2  3  2 000 110113 4  0   21727   13973  0.88  20.35 22.62 28.34  45.18471  -6.68234                                
299 S03J030047705-06343637            3  0 47.70  -06 34 36.4 20.65  2  4  0.26111 0.00001  4  5   3.09  0.30556 0.00306 2  1.64098 0.00577  0  3  2 000 110113 4  0   46412   16749  3.17  18.96 20.16 20.47  45.19877  -6.57677  QSO                           
301 S03J030031189-06274943            3  0 31.19  -06 27 49.4 21.63  1  1  1.60773 0.00007  2 15   3.17  0.56445 0.00094 2  0.46094 0.00006  2  3  2 000 110113 4  0   72551     266  0.42  21.08 23.15 99.00  45.12995  -6.46373                                
304 S03J030035062-06253661            3  0 35.06  -06 25 36.6 22.19  0  0 -9.99900 0.00007  0  2   3.71  0.60540 0.00214 3  1.65153 0.00142  2  2  2 000 110113 4  0   81301    3841  0.73  20.53 21.48 23.80  45.14609  -6.42684  QSO                           
306 S03J030028705-06432961            3  0 28.70  -06 43 29.6 22.43  1  2  0.72951 0.00004  3 15   3.33  0.62485 0.00068 2  0.97544 0.00006  0  2  2 000 110113 4  0   11531    -910  0.09  22.30 23.93 99.00  45.11960  -6.72489                                
307 S03J030123628-06430075            3  1 23.63  -06 43  0.7 21.62  4  4  0.45047 0.00002  5  8   5.41  0.03355 0.00070 4  0.45044 0.00016  0  4  2 000 110113 4  0   14431   52066  0.48  21.05 23.18 23.11  45.34845  -6.71688                                
308 S03J030107963-06375641            3  1  7.96  -06 37 56.4 20.65  1  3  0.38357 0.00005  3  1   3.43  0.59345 0.00219 2  0.05551 0.00006  0  2  2 000 110113 4  0   33859   36548  1.40  20.05 21.17 21.71  45.28318  -6.63234                                
309 S03J030057000-06304365            3  0 57.00  -06 30 43.6 20.76  1  2  0.60399 0.00003  3  3   3.68  0.31660 0.00153 3  0.42870 0.00014  0  1  2 000 110113 4  0   61719   25431  0.76  20.54 21.15 22.04  45.23750  -6.51213                                
310 S03J030042962-06300501            3  0 42.96  -06 30  5.0 21.12  0  0 -9.99900 0.00003  0  5   3.37  1.23810 0.00312 2  0.75316 0.00313  2  1  2 000 110113 4  0   63947   11824  0.73  20.81 23.79 23.58  45.17901  -6.50139                                
312 S03J030104234-06302274            3  1  4.23  -06 30 22.7 20.46  4  4  0.37358 0.00001  5 15   3.59  0.26620 0.00044 3  0.37375 0.00015  0  4  2 000 110113 4  0   63246   32416  0.88  20.24 22.07 22.16  45.26764  -6.50632                                
313 S03J030047702-06253698            3  0 47.70  -06 25 37.0 20.89  0  0 -9.99900 0.00001  0 15   3.22  0.63270 0.00066 2  0.44725 0.00069  2  3  2 000 110113 4  0   81518   16080  0.77  20.59 21.89 22.07  45.19876  -6.42694                                
314 S03J030038167-06373622            3  0 38.17  -06 37 36.2 21.46  4  4  0.19602 0.00001  5  1   3.72  0.90404 0.00148 3  0.19603 0.00013  0  4  2 000 110113 4  0   34563    7772  0.62  21.03 22.36 23.05  45.15903  -6.62673                                
315 S03J030052862-06381823            3  0 52.86  -06 38 18.2 22.09  0  0 -9.99900 0.00001  0  1   3.09  0.90223 0.00155 2  0.90223 0.00156  2  1  0 000 110113 4  0   32147   21999  0.50  20.83 21.64 24.10  45.22026  -6.63840                                
316 S03J030058230-06441327            3  0 58.23  -06 44 13.3 21.18  1  1  1.17166 0.00006  3 15   4.74  0.63350 0.00059 3  0.23351 0.00003  0  3  2 000 110113 4  0    9251   27613  0.53  20.93 22.22 23.59  45.24263  -6.73702                                
317 S03J030117273-06460117            3  1 17.27  -06 46  1.2 21.49  1  2  0.38892 0.00005  3 15   3.64  0.62444 0.00114 3  0.86537 0.00007  0  3  2 000 110113 4  0    2621   46141  0.68  20.62 21.76 22.50  45.32197  -6.76699                                
319 S03J030113624-06475934            3  1 13.62  -06 47 59.3 22.13  2  3  0.55209 0.00003  4 15   5.06  0.63584 0.00075 4  0.55208 0.00017  0  3  2 000 110113 4  0   -5100   42752  0.35  21.22 23.02 99.00  45.30677  -6.79982                                
320 S03J030112320-06451507            3  1 12.32  -06 45 15.1 21.36  1  2  0.30492 0.00002  3  4   3.05  0.27245 0.01309 2  0.74013 0.00006  0  3  2 000 110113 4  0    5519   41294  0.78  20.42 21.04 22.61  45.30133  -6.75419                                
321 S03J030049363-06323282            3  0 49.36  -06 32 32.8 21.49  1  3  0.37343 0.00003  3  5   3.69  1.23719 0.00349 3  0.37371 0.00005  0  2  2 000 110113 4  0   54478   18187  0.84  20.45 21.46 22.84  45.20568  -6.54245                                
322 S03J030052771-06465535            3  0 52.77  -06 46 55.3 21.25  3  5  0.66019 0.00003  5 15   3.24  0.32652 0.00075 2  0.66013 0.00018  0  4  2 000 110113 4  0   -1327   22554  1.33  20.08 21.33 21.86  45.21988  -6.78204                                
323 S03J030136285-06432810            3  1 36.28  -06 43 28.1 21.91  1  3  0.40578 0.00008  3  5   3.47  0.30414 0.00273 2  0.88792 0.00002  0  3  2 000 110113 4  0   12905   64368  1.12  20.18 21.40 23.98  45.40119  -6.72447                                
324 S03J030050135-06462852            3  0 50.13  -06 46 28.5 21.43  1  1  0.34424 0.00002  0  4   3.68  0.29103 0.00275 3  0.30604 0.00001  0  1  2 000 110113 4  0     351   19988  0.79  20.16 21.02 22.10  45.20890  -6.77459                                
326 S03J030128572-06404554            3  1 28.57  -06 40 45.5 22.27  1  4  0.38342 0.00006  3  5   4.10  0.30709 0.00193 3  0.64844 0.00016  0  3  2 000 110113 4  0   23282   56683  0.31  20.67 99.00 23.28  45.36905  -6.67932                                
327 S03J030123471-06475795            3  1 23.47  -06 47 57.9 21.21  1  2  0.30437 0.00003  3  5   5.07  0.29534 0.00088 4  0.42650 0.00003  0  1  2 000 110113 4  0   -4811   52276  0.49  20.65 21.40 99.00  45.34780  -6.79943                                
328 S03J030110032-06293812            3  1 10.03  -06 29 38.1 20.91  3 20  0.59521 0.00001  5 15   5.69  0.77230 0.00040 4  0.60024 0.00002  0  1  2 000 110113 4  0   66255   37963  0.44  21.04 21.81 21.95  45.29180  -6.49392                                
329 S03J030135407-06455564            3  1 35.41  -06 45 55.6 22.37  0  0 -9.99900 0.00001  0 15   2.93  0.33831 0.00640 2  1.06729 0.00640  2  2  2 000 110113 4  0    3318   63680  0.32  21.26 99.00 99.00  45.39753  -6.76546                                
330 S03J030057055-06343810            3  0 57.05  -06 34 38.1 21.20  3  4  0.58468 0.00003  5  5   3.78  0.30614 0.00161 3  0.58466 0.00017  0  4  2 000 110113 4  0   46489   25776  1.50  19.86 20.85 22.15  45.23773  -6.57725                                
331 S03J030058017-06383190            3  0 58.02  -06 38 31.9 21.07  1  1  0.69896 0.00005  3  4   3.19  0.31371 0.00154 2  0.83933 0.00005  0  2  2 000 110113 4  0   31352   26979  0.92  20.36 21.19 22.01  45.24174  -6.64219                                
332 S03J030121810-06253713            3  1 21.81  -06 25 37.1 21.21  1  3  0.32388 0.00005  3  5   4.74  0.29470 0.00122 3  0.29363 0.00003  0  3  2 000 110113 4  0   82243   49130  1.49  19.73 20.42 21.61  45.34088  -6.42698                                
334 S03J030112704-06381868            3  1 12.70  -06 38 18.7 20.89  1  2  0.13152 0.00002  3  4   2.80  0.29900 0.00192 2  0.70449 0.00012  0  3  2 000 110113 4  0   32493   41150  1.33  19.72 20.75 21.49  45.30293  -6.63852                                
335 S03J030202046-06285583            3  2  2.05  -06 28 55.8 20.07  2  3  0.29213 0.00002  4 15   3.09  0.63282 0.00141 2  0.29206 0.00014  0  3  2 000 110113 4  0   70195   88506  3.07  18.93 20.07 20.42  45.50852  -6.48217                                
336 S03J030114072-06355625            3  1 14.07  -06 35 56.2 21.64  1  4  0.69838 0.00005  3  5   3.59  0.33370 0.01870 3  0.00076 0.00001  0  1  2 000 110113 4  0   41761   42319  0.58  20.38 21.28 23.20  45.30863  -6.59896                                
337 S03J030155236-06343179            3  1 55.24  -06 34 31.8 21.83  2  5  0.36357 0.00002  4  4   3.27  0.27404 0.00108 2  0.36356 0.00015  0  4  2 000 110113 4  0   48103   82163  0.73  20.29 21.09 22.09  45.48015  -6.57550                                
338 S03J030045483-06413909            3  0 45.48  -06 41 39.1 20.36  5 33  0.80194 0.00000  5  5   4.64  1.21020 0.00257 3  1.25617 0.00000  0  1  2 000 110113 4  0   18976   15119  1.52  19.92 20.89 21.38  45.18951  -6.69419                                
339 S03J030106154-06420721            3  1  6.15  -06 42  7.2 21.08  1  1  0.61227 0.00008  3 15   3.68  0.32723 0.00097 3  0.61231 0.00019  0  3  2 000 110113 4  0   17583   35118  0.27  21.37 23.82 24.50  45.27564  -6.70200                                
340 S03J030214777-06262995            3  2 14.78  -06 26 29.9 21.47  1  3  0.55571 0.00008  3  5   3.76  0.29534 0.00118 3  0.55605 0.00019  0  2  2 000 110113 4  0   80086  100880  0.65  20.55 21.69 22.22  45.56157  -6.44165                                
341 S03J030131237-06260789            3  1 31.24  -06 26  7.9 22.03  1  3  0.18449 0.00002  3 15   4.44  0.32218 0.00068 3  0.66715 0.00002  0  1  2 000 110113 4  0   80439   58316  0.57  20.07 21.86 21.32  45.38015  -6.43553                                
342 S03J030155561-06382739            3  1 55.56  -06 38 27.4 21.62  1  2  0.99859 0.00008  3 16   2.77  0.40355 0.00038 2  0.99878 0.00023  0  3  2 000 110113 4  0   32790   82747  0.60  20.36 21.57 21.63  45.48150  -6.64094                                
343 S03J030038889-06482710            3  0 38.89  -06 48 27.1 21.93  1  2  0.32247 0.00004  3 17   3.54  0.10970 0.00167 3  0.32250 0.00006  0  2  2 000 110113 4  0   -7533    9302  1.13  20.08 21.47 21.28  45.16204  -6.80753                                
344 S03J030154550-06401635            3  1 54.55  -06 40 16.3 21.36  1  3  0.90147 0.00005  3  5   3.53  0.30117 0.00093 3  0.75129 0.00012  0  3  2 000 110113 4  0   25696   81877  0.49  20.95 99.00 22.67  45.47729  -6.67121                                
345 S03J030110905-06344626            3  1 10.90  -06 34 46.3 21.69  2  5  0.12156 0.00002  4 16   3.18  0.48410 0.00260 2  0.12158 0.00012  0  3  2 000 110113 4  0   46255   39164  0.33  21.32 25.79 22.37  45.29544  -6.57952                                
346 S03J030059230-06451230            3  0 59.23  -06 45 12.3 21.00  2  2  0.28763 0.00003  4  4   3.08  0.28869 0.00100 2  0.28746 0.00014  4  3  2 000 110113 4  0    5442   28661  0.47  21.00 22.94 21.99  45.24679  -6.75342                                
347 S03J030142174-06473593            3  1 42.17  -06 47 35.9 21.02  1  2  0.25718 0.00002  3 17   3.53  0.61982 0.00238 3  0.17795 0.00003  0  1  2 000 110113 4  0   -3050   70371  1.36  20.26 21.29 21.42  45.42572  -6.79331                                
348 S03J030146424-06395759            3  1 46.42  -06 39 57.6 21.02  1  2  0.78761 0.00003  3 17   5.07  0.60530 0.00051 4  0.51867 0.00004  0  2  2 000 110113 4  0   26748   73934  1.22  20.21 21.41 21.49  45.44343  -6.66600  fringed                       
349 S03J030240315-06241949            3  2 40.31  -06 24 19.5 20.44  1  3  0.31612 0.00013  3 15   4.80  0.63362 0.00128 3  0.36815 0.00003  0  1  2 000 110113 4  0   89383  126008  2.33  18.85 20.22 20.35  45.66798  -6.40541                                
351 S03J030217684-06341531            3  2 17.68  -06 34 15.3 21.28  0  0 -9.99900 0.00013  0 17   4.87  0.41756 0.00133 3  0.41756 0.00133  3  1  0 000 110113 4  0   49694  104114  0.77  22.27 99.00 22.23  45.57368  -6.57092                                
352 Y03J030138485-06464242            3  1 38.48  -06 46 42.4 19.68  0  0 -9.99900 0.00013  0 15   5.37  0.63459 0.00113 4  0.63459 0.00113  4  1  0 000 110113 4  0     342   66731  2.32  19.49 21.43 20.85  45.41035  -6.77845                                
353 S03J030147261-06382785            3  1 47.26  -06 38 27.8 21.05  4 11  0.74933 0.00001  5  5   4.02  1.03259 0.00295 3  0.75075 0.00019  0  3  2 000 110113 4  0   32584   74659  0.25  21.83 99.00 99.00  45.44692  -6.64107                                
354 S03J030237075-06291538            3  2 37.07  -06 29 15.4 21.53  3 21  0.76853 0.00003  5 17   3.84  0.36981 0.00330 3  0.94498 0.00002  0  3  2 000 110113 4  0   69837  122964  0.11  21.52 99.00 26.24  45.65448  -6.48761                                
356 S03J030309783-06211385            3  3  9.78  -06 21 13.8 20.81  2  7  0.56431 0.00002  4 17   5.88  0.49001 0.00400 4  1.23410 0.00014  0  1  2 000 110113 4  0  102635  155403 -0.16  22.68 23.48 22.03  45.79076  -6.35385  fringed                       
357 S03J030240890-06264753            3  2 40.89  -06 26 47.5 21.20  1  2  0.14418 0.00005  3  9   4.21  0.02543 0.00163 3  0.14394 0.00005  0  2  2 000 110113 4  0   79646  126643  1.25  19.98 21.10 20.99  45.67037  -6.44654                                
358 S03J030114362-06561400            3  1 14.36  -06 56 14.0 20.07  1  3  0.86852 0.00004  3 15   6.09  0.62555 0.00089 4  0.55658 0.00021  0  3  2 000 110113 4  0  -37138   44132  1.67  20.26 22.39 21.30  45.30984  -6.93722                                
359 S03J030204614-06423872            3  2  4.61  -06 42 38.7 20.52  0  0 -9.99900 0.00004  0 15   5.57  0.41600 0.00030 4  0.83177 0.00034  4  1  2 000 110113 4  0   16653   91850  1.89  20.10 20.90 20.86  45.51922  -6.71076                                
360 S03J030113423-06580999            3  1 13.42  -06 58 10.0 21.92  4 18  0.28698 0.00001  5 16   4.70  0.59322 0.00374 3  0.28683 0.00014  0  1  2 000 110113 4  0  -44682   43396  0.87  19.93 20.58 20.92  45.30593  -6.96944  fringed                       
361 S03J030214955-06361655            3  2 14.95  -06 36 16.5 20.87  1  5  0.22137 0.00002  3 17   3.65  0.67787 0.00882 3  0.58401 0.00008  0  2  2 000 110113 4  0   41741  101547  1.88  19.58 20.40 20.53  45.56231  -6.60460  fringed                       
362 S03J030107413-06542973            3  1  7.41  -06 54 29.7 21.36  1  3  0.16811 0.00002  3  1   5.16  0.35632 0.00406 4  1.06976 0.00013  0  2  2 000 110113 4  0  -30502   37277  1.40  20.09 21.67 21.10  45.28089  -6.90826                                
363 S03J030333585-06214194            3  3 33.58  -06 21 41.9 21.43  1  3  0.90780 0.00006  3  9   6.01  0.03363 0.00180 4  0.50897 0.00009  0  4  2 000 110113 4  0  101652  179564  1.08  20.91 22.13 21.59  45.88994  -6.36165                                
364 S03J030327975-06242547            3  3 27.97  -06 24 25.5 21.84  1  1  0.59676 0.00002  3  1   3.29  0.91021 0.00174 2  0.18886 0.00002  0  1  2 000 110113 4  0   90541  173845  1.54  19.71 21.06 20.81  45.86656  -6.40708                                
365 S03J030259755-06242075            3  2 59.75  -06 24 20.7 22.17  3 18  0.78085 0.00002  5 17   4.43  0.59028 0.01264 3  0.31448 0.00011  0  2  2 000 110113 4  0   89905  145372  1.46  20.22 21.09 21.37  45.74898  -6.40576  fringed                       
366 S03J030257104-06330978            3  2 57.10  -06 33  9.8 20.96  0  0 -9.99900 0.00002  0 15   8.52  0.33268 0.00021 5  0.87488 0.00026  5  1  2 000 110113 4  0   54978  143001  1.02  21.43 24.11 21.84  45.73793  -6.55272                                
367 S03J030236664-06361473            3  2 36.66  -06 36 14.7 20.42  1  1  0.66716 0.00003  3 16   3.61  0.33516 0.00164 3  0.66666 0.00018  0  1  2 000 110113 4  0   42361  122900  2.54  19.72 20.69 20.54  45.65277  -6.60409                                
368 S03J030303922-06334371            3  3  3.92  -06 33 43.7 21.29  1  5  0.16868 0.00005  3  5   5.01  0.88619 0.00118 4  1.02237 0.00002  0  3  2 000 110113 4  0   52920  149840  1.47  20.78 21.87 21.43  45.76634  -6.56214                                
369 S03J030152150-06461558            3  1 52.15  -06 46 15.6 21.95  1  1  1.07902 0.00002  3  9   3.88  0.02474 0.00205 3  1.07899 0.00002  0  1  2 000 110113 4  0    2355   79964  0.65  20.63 99.00 22.05  45.46729  -6.77099                                
370 S03J030234205-06404278            3  2 34.20  -06 40 42.8 21.74  1 10  0.68622 0.00002  3 17   3.49  0.42604 0.00668 2  0.83328 0.00005  0  1  2 000 110113 4  0   24812  120732  0.99  20.15 20.85 21.32  45.64252  -6.67855  fringed                       
371 calibrator2                       3  3  2.43  -06 28 29.8 19.65  1  4  0.28548 0.00001  3  1   2.61  0.85366 0.00346 2  0.88610 0.00014  0  2  2 000 110113 4  0   73550  148144  4.86  18.24 19.52 19.76  45.76014  -6.47496                                
372 S03J030337743-06295612            3  3 37.74  -06 29 56.1 21.55  0  0 -9.99900 0.00001  0 16   3.05  0.43577 0.00117 2  0.56225 0.00118  2  3  2 000 110113 4  0   68913  183865  0.70  21.17 22.16 22.15  45.90726  -6.49892                                
373 S03J030341210-06283256            3  3 41.21  -06 28 32.6 21.18  1  1  0.06357 0.00008  3  9   4.68  0.02864 0.00275 3  0.87264 0.00013  0  3  2 000 110113 4  0   74570  187390  1.38  19.95 21.25 21.08  45.92171  -6.47571                                
374 S03J030352589-06254917            3  3 52.59  -06 25 49.2 20.83  1  1  0.11600 0.00002  3  5   4.95  0.88620 0.00144 3  0.86021 0.00002  0  1  2 000 110113 4  0   85866  199076  0.99  21.32 24.17 21.59  45.96912  -6.43032                                
376 S03J030321703-06350119            3  3 21.70  -06 35  1.2 22.06  1  3  0.00329 0.00013  3  9   3.13  0.01799 0.00294 2  1.24054 0.00004  0  2  2 000 110113 4  0   48319  167750  0.72  20.50 22.21 22.10  45.84043  -6.58366                                
377 S03J030242258-06381061            3  2 42.26  -06 38 10.6 21.46  3  3  0.34758 0.00001  5  8   3.35  0.03337 0.00208 2  0.34750 0.00015  0  3  2 000 110113 4  0   34906  128529  0.69  20.81 22.77 21.74  45.67608  -6.63628                                
378 S03J030357639-06282142            3  3 57.64  -06 28 21.4 21.82  2  4  0.61164 0.00004  4 16   3.37  0.53203 0.00258 2  0.31593 0.00004  0  1  2 000 110113 4  0   75892  204292  0.57  20.75 23.67 21.97  45.99016  -6.47262  fringed                       
379 S03J030319370-06323279            3  3 19.37  -06 32 32.8 21.40  1  2  1.06991 0.00006  3  5   4.58  0.88679 0.00242 3  0.13845 0.00005  0  1  2 000 110113 4  0   58015  165289  0.95  20.34 21.60 21.34  45.83071  -6.54244                                
380 S03J030418461-06292200            3  4 18.46  -06 29 22.0 21.73  0  0 -9.99900 0.00006  0  9   4.40  0.01282 0.00142 3  0.48441 0.00143  3  1  2 000 110113 4  0   72601  226023  0.30  21.53 23.70 22.17  46.07692  -6.48944                                
381 S03J030142601-06414337            3  1 42.60  -06 41 43.4 22.48  1  2  0.29025 0.00004  3 16   3.58  0.43214 0.00173 3  1.40109 0.00015  0  2  2 000 110113 4  0   19823   70352  0.57  21.01 23.96 22.13  45.42750  -6.69538                                
382 S03J030325798-06352512            3  3 25.80  -06 35 25.1 20.42  3  4  0.20001 0.00002  5 16   3.81  0.43072 0.00126 3  0.20002 0.00013  0  4  2 000 110113 4  0   46838  171889  1.43  19.46 20.95 20.89  45.85749  -6.59031                                
383 S03J030348013-06363267            3  3 48.01  -06 36 32.7 21.02  1  2  0.10994 0.00002  3  9   5.08  0.01500 0.00218 4  0.65273 0.00012  0  3  2 000 110113 4  0   42974  194566  0.65  21.13 25.66 21.80  45.95005  -6.60907                                
384 S03J030333789-06370010            3  3 33.79  -06 37  0.1 21.79  1  4  0.64701 0.00004  3  9   5.59  0.01100 0.00140 4  0.64704 0.00018  0  4  2 000 110113 4  0   40794  180071  0.46  21.15 99.00 22.33  45.89079  -6.61669                                
387 S03J030355857-06364289            3  3 55.86  -06 36 42.9 21.61  1  1  0.26728 0.00006  3  9   3.26  0.00677 0.00097 2  0.57877 0.00007  0  2  2 000 110113 4  0   42516  202637  0.18  22.76 99.00 99.00  45.98274  -6.61191                                
388 S03J030300280-06425503            3  3  0.28  -06 42 55.0 20.59  0  0 -9.99900 0.00006  0 17   3.95  0.38390 0.00166 3  1.67023 0.00642  2  1  2 000 110113 4  0   16726  146699  1.69  19.32 20.29 20.56  45.75117  -6.71529                                
389 S03J030247685-06410459            3  2 47.68  -06 41  4.6 21.73  1  1  0.12309 0.00001  3 15   3.54  0.58737 0.00094 3  0.63475 0.00012  0  1  2 000 110113 4  0   23683  134061  0.45  21.34 99.00 22.30  45.69869  -6.68461                                
391 S03J030224052-06430583            3  2 24.05  -06 43  5.8 21.83  0  0 -9.99900 0.00001  0  4   3.18  0.06622 0.00213 2  0.70517 0.00214  2  1  2 000 110113 4  0   15279  110900  0.84  20.37 21.51 21.06  45.60022  -6.71829                                
393 S03J030422305-06403146            3  4 22.30  -06 40 31.5 21.35  0  0 -9.99900 0.00001  0 17   3.30  0.37680 0.00296 2  1.19113 0.00296  2  2  2 000 110113 4  0   28040  230367  0.89  20.01 20.75 20.57  46.09294  -6.67541                                
394 S03J030231987-06441114            3  2 31.99  -06 44 11.1 21.57  1  4  0.33797 0.00003  3 17   5.11  0.37652 0.00182 4  0.35945 0.00003  0  1  2 000 110113 4  0   11176  118783  1.45  20.22 21.08 20.95  45.63328  -6.73643                                
395 S03J030312991-06443152            3  3 12.99  -06 44 31.5 21.24  1  1  0.31650 0.00015  3  4   5.18  0.05666 0.00863 4  0.70505 0.00011  0  1  2 000 110113 4  0   10662  159502  0.64  20.89 24.03 21.12  45.80413  -6.74209                                
396 S03J030421978-06432811            3  4 21.98  -06 43 28.1 21.28  1  3  0.15171 0.00006  3 15   4.60  0.58691 0.00164 3  0.54686 0.00014  0  2  2 000 110113 4  0   16280  230175 -0.13  99.00 21.51 21.93  46.09157  -6.72447                                
397 S03J030349617-06445341            3  3 49.62  -06 44 53.4 21.77  5  6  0.32007 0.00001  5  4   3.40  0.03853 0.00467 2  0.32008 0.00014  0  3  2 000 110113 4  0    9947  196645  0.52  20.73 21.73 21.06  45.95674  -6.74817                                
398 S03J030210707-06454822            3  2 10.71  -06 45 48.2 22.39  1  1  0.38971 0.00004  3  9   5.90  0.00581 0.00104 4  0.82175 0.00006  0  3  2 000 110113 4  0    4461   98015  0.63  20.98 21.52 21.50  45.54461  -6.76339                                
399 S03J030309095-06463301            3  3  9.09  -06 46 33.0 21.14  1  3  0.13475 0.00004  3  5   2.87  0.83030 0.00211 2  0.29180 0.00004  0  1  2 000 110113 4  0    2624  155740  0.89  20.49 21.30 21.19  45.78790  -6.77584                                
